NOAA 15                 
1 25338U 98030A   17040.49395425  .00000020  00000-0  27390-4 0  9991
2 25338  98.7848  51.1319 0010017 212.8059 147.2499 14.25776680974803
NOAA 18                 
1 28654U 05018A   17040.53546587  .00000024  00000-0  38564-4 0  9990
2 28654  99.1916  59.5715 0015180  71.3904 288.8914 14.12324406604246
METOP-A                 
1 29499U 06044A   17039.89236111  .00000002  00000-0  21043-4 0  9994
2 29499  98.6970 101.5521 0001461 145.7002 210.3739 14.21496858534904
NOAA 19                 
1 33591U 09005A   17040.52244289  .00000079  00000-0  68191-4 0  9998
2 33591  99.0756   5.6523 0013007 271.9658  88.0024 14.12151520412639
METOP-B                 
1 38771U 12049A   17039.89321037 -.00000005  00000-0  17885-4 0  9994
2 38771  98.6973 102.0985 0000612 164.3717   1.7901 14.21489845228043
SARAL                   
1 39086U 13009A   17039.81645206  .00000008  00000-0  19281-4 0  9994
2 39086  98.5386 229.4218 0000096 155.9227 204.1961 14.31993192206734
