BEIDOU G1               
1 36287U 10001A   17038.75751295 -.00000306  00000-0  10000-3 0  9992
2 36287   1.5463  12.0278 0004005 240.5643 298.1412  1.00266416 25910
BEIDOU G3               
1 36590U 10024A   17040.39789800  .00000000  00000-0  10000-3 0  9990
2 36590   1.4684  32.5767 0007630 331.6800  29.0288  1.00262168 24545
BEIDOU IGSO 1           
1 36828U 10036A   17039.90981755 -.00000138  00000-0  10000-3 0  9998
2 36828  54.1951 194.7529 0051381 221.4450 170.1795  1.00268366 23970
BEIDOU G4               
1 37210U 10057A   17040.21097343 -.00000137  00000-0  00000+0 0  9998
2 37210   0.8444  48.8595 0006226 195.1315 131.4369  1.00270574 23047
BEIDOU IGSO 2           
1 37256U 10068A   17038.63264605 -.00000234  00000-0  10000-3 0  9993
2 37256  53.2943 312.7719 0050196 208.3946 324.2810  1.00274593 22548
BEIDOU IGSO 3           
1 37384U 11013A   17039.90404022 -.00000166  00000-0  10000-3 0  9990
2 37384  57.6672  74.2764 0029512 209.8504 298.2942  1.00299403 21431
BEIDOU IGSO 4           
1 37763U 11038A   17039.93372941 -.00000074  00000-0  10000-3 0  9993
2 37763  54.5024 197.0961 0041740 208.2084 165.1787  1.00265920 20407
BEIDOU IGSO 5           
1 37948U 11073A   17039.78208124 -.00000173  00000-0  10000-3 0  9991
2 37948  53.3785 312.2264 0043531 207.0784 356.7219  1.00281941 19153
BEIDOU G5               
1 38091U 12008A   17039.76793112  .00000031  00000-0  00000+0 0  9991
2 38091   2.0049  54.2491 0004344 230.9834 189.0465  1.00276079 18236
BEIDOU M3               
1 38250U 12018A   17039.89136080 -.00000029  00000-0  10000-3 0  9991
2 38250  56.1605  58.4396 0024832 225.6422 317.9148  1.86233102 32688
BEIDOU M4               
1 38251U 12018B   17039.82310163 -.00000029  00000-0  10000-3 0  9991
2 38251  56.0964  57.8829 0027048 219.3611 326.7128  1.86233917 32682
BEIDOU M6               
1 38775U 12050B   17039.90753939 -.00000017  00000-0  00000+0 0  9991
2 38775  54.8389 177.6161 0019264 226.1057 211.9377  1.86233110 30067
BEIDOU G6               
1 38953U 12059A   17040.03507898 -.00000200  00000-0  10000-3 0  9994
2 38953   1.3934  79.9319 0005796 183.3412 332.7170  1.00271469 15804
BEIDOU I1-S             
1 40549U 15019A   17038.75445906 -.00000202  00000-0  00000-0 0  9992
2 40549  54.5181 335.2491 0039364 184.6601 345.4273  1.00267668  6826
BEIDOU-3 M1             
1 40748U 15037A   17040.31305252 -.00000034  00000-0  00000+0 0  9999
2 40748  55.3665  57.9098 0009591 268.7959 153.9858  1.86237740 10528
BEIDOU-3 M2             
1 40749U 15037B   17039.63155285 -.00000031  00000-0  00000+0 0  9999
2 40749  55.3668  57.9188 0010316 277.0103 187.2844  1.86237155 10506
BEIDOU I2-S             
1 40938U 15053A   17038.21399683 -.00000147  00000-0  00000+0 0  9990
2 40938  54.3812 298.1427 0046110 173.0707 199.4044  1.00279812  5106
BEIDOU M3-S             
1 41315U 16006A   17039.10940337 -.00000008  00000-0  00000+0 0  9992
2 41315  55.0236 177.8504 0001188 326.9528 162.9741  1.86235649  6989
BEIDOU IGSO 6           
1 41434U 16021A   17040.55741961  .00000000  00000-0  10000-3 0  9990
2 41434  55.3673  73.8015 0026904 186.0666 174.0055  1.00255707  3254
BEIDOU G7               
1 41586U 16037A   17039.08459101 -.00000268  00000-0  00000+0 0  9995
2 41586   1.4472 312.7772 0003374 317.1164  43.4762  1.00271087  2546
