EYESAT-1 (AO-27)        
1 22825U 93061C   17040.14729354 -.00000001  00000-0  17282-4 0  9991
2 22825  98.7950   4.2761 0008276 353.0728   7.0338 14.29985268219108
CUTE-1 (CO-55)          
1 27844U 03031E   17039.59446431  .00000062  00000-0  48001-4 0  9993
2 27844  98.6917  50.4616 0009763   5.9175 354.2116 14.22013419706047
CUBESAT XI-IV (CO-57)   
1 27848U 03031J   17039.48915294  .00000048  00000-0  41861-4 0  9994
2 27848  98.7013  50.5604 0009860  15.2371 344.9101 14.21631231705919
CUBESAT XI 5            
1 28895U 05043F   17040.10440903  .00000154  00000-0  38400-4 0  9996
2 28895  97.8483 208.4127 0016822 184.5619 175.5434 14.63338920601757
CUTE-1.7+APD II (CO-65) 
1 32785U 08021C   17039.85667719  .00000236  00000-0  31488-4 0  9994
2 32785  97.5792  69.9103 0012038 229.1754 130.8420 14.87791247475811
COMPASS-1               
1 32787U 08021E   17039.69548473  .00000419  00000-0  46151-4 0  9999
2 32787  97.5758  77.8140 0012173 200.6712 159.4017 14.92419196476335
AAUSAT-II               
1 32788U 08021F   17040.15646489  .00000178  00000-0  21971-4 0  9994
2 32788  97.5752  80.8706 0011778 191.7613 168.3334 14.93673743476569
DELFI-C3 (DO-64)        
1 32789U 08021G   17039.74003750  .00000724  00000-0  56143-4 0  9992
2 32789  97.5763 100.6091 0013288 171.5076 188.6378 15.04369634477554
CANX-2                  
1 32790U 08021H   17039.88061556  .00000196  00000-0  27327-4 0  9992
2 32790  97.5763  68.3994 0012691 231.0525 128.9562 14.87529635475768
SEEDS II (CO-66)        
1 32791U 08021J   17039.65417852  .00000316  00000-0  38178-4 0  9992
2 32791  97.5779  73.6745 0012684 215.2720 144.7660 14.90083506476001
SWISSCUBE               
1 35932U 09051B   17040.31255250  .00000116  00000-0  37360-4 0  9993
2 35932  98.4752 176.6826 0006532 285.3389  74.7086 14.55953902391715
BEESAT                  
1 35933U 09051C   17040.37837729  .00000094  00000-0  32224-4 0  9996
2 35933  98.4785 177.9809 0004809 302.4341  57.6391 14.56080194391827
ITUPSAT 1               
1 35935U 09051E   17039.95217598  .00000103  00000-0  34697-4 0  9993
2 35935  98.4895 177.7996 0007054 293.9768  66.0689 14.55279186391585
TISAT 1                 
1 36799U 10035E   17040.10571602  .00000297  00000-0  36652-4 0  9991
2 36799  98.0463 160.3874 0013016  33.5719 326.6320 14.90218200356704
M-CUBED & EXP-1 PRIME   
1 37855U 11061F   17039.43107311  .00001398  00000-0  81524-4 0  9992
2 37855 101.7187 205.4273 0182448 101.6528 260.5220 15.02541985287451
HORYU 2                 
1 38340U 12025D   17039.56145273  .00000238  00000-0  43278-4 0  9992
2 38340  98.3730  38.9808 0011367 347.2841  12.8079 14.75246552254327
STRAND-1                
1 39090U 13009E   17039.79148425  .00000041  00000-0  30044-4 0  9994
2 39090  98.5644 246.3416 0008599 326.9117  33.1530 14.34946947207066
BRITE-AUSTRIA           
1 39091U 13009F   17039.81134947  .00000015  00000-0  20787-4 0  9996
2 39091  98.5603 245.7928 0010003 334.4623  25.6067 14.35013160207088
UNIBRITE                
1 39092U 13009G   17039.79945920 -.00000005  00000-0  13926-4 0  9992
2 39092  98.5611 245.4864 0008767 328.1471  31.9183 14.34886299207066
AIST-2                  
1 39133U 13015D   17040.45368781  .00000144  00000-0  22914-4 0  9994
2 39133  64.8748 329.1953 0030735 303.8176  56.0018 15.04173975209087
SOMP                    
1 39134U 13015E   17040.50159000  .00001085  00000-0  53684-4 0  9996
2 39134  64.8707 278.4092 0027017 303.7516  56.1553 15.17248287210102
BEESAT-2                
1 39136U 13015G   17039.70783077  .00000905  00000-0  58848-4 0  9992
2 39136  64.8700 289.9306 0026031 299.8610  59.9928 15.14644329209814
NEE-01 PEGASUS          
1 39151U 13018B   17040.22670064  .00000153  00000-0  27471-4 0  9995
2 39151  97.9867 132.5597 0018542 103.8117 256.5159 14.79641219204621
CUBEBUG-1 (CAPITAN BETO)
1 39153U 13018D   17040.25623153  .00000200  00000-0  33316-4 0  9995
2 39153  97.9883 133.2448 0018453 102.3548 257.9730 14.80092105204678
ESTCUBE 1               
1 39161U 13021C   17040.46053670  .00000206  00000-0  40935-4 0  9993
2 39161  98.0339 128.1062 0009618 183.6913 176.4223 14.71827220201966
POPACS 1                
1 39268U 13055D   17039.97560462  .00005147  00000-0  15119-3 0  9998
2 39268  81.0073 141.8160 0657678 235.1275 118.6391 14.29235456173869
POPACS 2                
1 39269U 13055E   17039.55441622  .00002313  00000-0  69733-4 0  9993
2 39269  81.0196 154.7104 0704244 269.1899  82.8595 14.18839306173059
POPACS 3                
1 39270U 13055F   17038.65771367  .00001655  00000-0  53517-4 0  9998
2 39270  81.0197 162.3456 0726969 292.7190  59.8738 14.12477975151784
FIREFLY                 
1 39404U 13064AA  17040.38388211  .00018746  00000-0  17603-3 0  9996
2 39404  40.5029  25.0463 0005965 220.2137 139.8247 15.66619392181152
ZACUBE-1 (TSHEPISOSAT)  
1 39417U 13066B   17039.69296174  .00000229  00000-0  35713-4 0  9990
2 39417  97.6481  88.0485 0058646 331.4291  28.3712 14.80614021173760
WNISAT-1                
1 39423U 13066H   17040.44351028  .00000115  00000-0  31953-4 0  9998
2 39423  97.6746  39.4597 0176885 117.3335 244.5990 14.52797184170680
TRITON-1                
1 39427U 13066M   17039.65555417  .00000210  00000-0  41500-4 0  9996
2 39427  97.6465  63.5754 0115408  41.0530 319.9290 14.67373397172199
GOMX 1                  
1 39430U 13066Q   17040.45885495  .00000213  00000-0  47314-4 0  9994
2 39430  97.6635  49.2544 0153517  86.4769 275.3976 14.58781258171318
BRITE-PL                
1 39431U 13066R   17039.89971491  .00000025  00000-0  15121-4 0  9995
2 39431  97.6931  29.1380 0203359 152.5438 208.6679 14.46802567169906
HUMSAT-D                
1 39433U 13066T   17040.16958907  .00000343  00000-0  39838-4 0  9990
2 39433  97.6694 106.9839 0029830 282.9334  76.8554 14.91244134174936
EAGLE 2                 
1 39436U 13066W   17040.21874417  .00014199  00000-0  47395-3 0  9992
2 39436  97.7071 140.6038 0013069 172.8754 187.2675 15.31086543177033
CUBEBUG-2 (LO-74)       
1 39440U 13066AA  17040.13410910  .00000203  00000-0  35626-4 0  9998
2 39440  97.6447  78.6717 0080682 356.8180   3.2506 14.75360994173218
NEE-02 KRYSAOR          
1 39441U 13066AB  17040.07022710  .00000134  00000-0  26465-4 0  9993
2 39441  97.6427  77.5092 0082160   0.0238   0.0961 14.74552082173104
FUNCUBE-1 (AO-73)       
1 39444U 13066AE  17040.14048627  .00000252  00000-0  38105-4 0  9994
2 39444  97.6494  89.3671 0057677 327.1308  32.6323 14.81326319172653
UWE-3                   
1 39446U 13066AG  17040.05319292  .00000215  00000-0  35724-4 0  9998
2 39446  97.6453  83.2467 0070042 343.8917  16.0067 14.77890848172275
BRITE-TORONTO           
1 40020U 14033L   17040.22896863  .00000076  00000-0  21642-4 0  9995
2 40020  97.8555 276.6005 0088065  14.8703 345.5060 14.66350484141340
DUCHIFAT-1              
1 40021U 14033M   17039.81353028  .00000439  00000-0  51802-4 0  9994
2 40021  97.9242 312.7685 0013500  10.3408 349.8084 14.89712832143480
FLOCK 1C-10             
1 40023U 14033P   17040.34664098  .00000909  00000-0  10385-3 0  9990
2 40023  97.9267 312.5466 0013568  12.3465 347.8067 14.88470019143489
NANOSATC-BR1            
1 40024U 14033Q   17039.69131410  .00000409  00000-0  49386-4 0  9993
2 40024  97.9207 311.7279 0012780  11.6897 348.4614 14.89063328143424
QB50P1                  
1 40025U 14033R   17039.80505058  .00000286  00000-0  37038-4 0  9994
2 40025  97.9194 311.0657 0012976  13.6194 346.5370 14.88296420143396
FLOCK 1C-7              
1 40026U 14033S   17040.29187136  .00000681  00000-0  78033-4 0  9992
2 40026  97.9282 313.0477 0011991  10.2214 349.9233 14.89194622143510
FLOCK 1C-1              
1 40027U 14033T   17040.32037383  .00000507  00000-0  60525-4 0  9999
2 40027  97.9292 312.7121 0013881   9.8889 350.2599 14.88558465143491
POPSAT-HIP-1            
1 40028U 14033U   17040.36348030  .00000171  00000-0  24692-4 0  9990
2 40028  97.9223 311.8586 0014490   8.8828 351.2624 14.88169080143468
FLOCK 1C-2              
1 40029U 14033V   17040.41773058  .00000801  00000-0  92025-4 0  9994
2 40029  97.9284 312.6778 0014561   5.4324 354.7015 14.88553599143498
FLOCK 1C-4              
1 40031U 14033X   17040.28863009  .00000522  00000-0  62283-4 0  9991
2 40031  97.9289 312.5550 0015044   4.0884 356.0378 14.88464506143469
QB50P2                  
1 40032U 14033Y   17039.81447969  .00000285  00000-0  37288-4 0  9995
2 40032  97.9173 310.3231 0012256   8.6516 351.4909 14.87856594143356
FLOCK 1C-11             
1 40033U 14033Z   17040.27612928  .00001022  00000-0  11198-3 0  9998
2 40033  97.9297 313.6075 0012909 359.7654   0.3551 14.89942764143545
ANTELSAT                
1 40034U 14033AA  17039.74940308  .00000245  00000-0  44404-4 0  9998
2 40034  97.8771 287.5275 0058989 347.2560  12.7153 14.73603125142013
FLOCK 1C-9              
1 40035U 14033AB  17040.27647258  .00001037  00000-0  11724-3 0  9995
2 40035  97.9308 312.8414 0012695 359.5765   0.5438 14.88604245143477
FLOCK 1C-6              
1 40036U 14033AC  17040.30645398  .00000595  00000-0  69755-4 0  9999
2 40036  97.9305 313.0416 0012703   0.4729 359.6494 14.88704587143494
PERSEUS-M2              
1 40037U 14033AD  17039.80155299  .00000109  00000-0  18743-4 0  9991
2 40037  97.9203 309.1666 0014758  11.7552 348.4005 14.86169949143248
FLOCK 1C-5              
1 40038U 14033AE  17040.44806365  .00000673  00000-0  78073-4 0  9999
2 40038  97.9306 313.0206 0015273 359.2277   0.8909 14.88711757143507
PERSEUS-M1              
1 40039U 14033AF  17039.76890859  .00000090  00000-0  16721-4 0  9999
2 40039  97.9213 308.7595 0014505   7.7535 352.3901 14.85794835143216
FLOCK 1C-8              
1 40040U 14033AG  17040.26777808  .00001236  00000-0  13199-3 0  9994
2 40040  97.9327 314.4976 0013508 349.6234  10.4666 14.90620906143579
FLOCK 1C-3              
1 40041U 14033AH  17040.38397040  .00000776  00000-0  89689-4 0  9990
2 40041  97.9317 312.7831 0013410 357.1165   2.9964 14.88401718143470
POLYITAN-1              
1 40042U 14033AJ  17039.74571227  .00000380  00000-0  47644-4 0  9996
2 40042  97.9267 310.9476 0015034   0.8670 359.2570 14.87906941143329
TIGRISAT                
1 40043U 14033AK  17039.66682118  .00000154  00000-0  30619-4 0  9993
2 40043  97.8753 288.0571 0060120 349.0631  10.9266 14.73909731141901
LEMUR-1                 
1 40044U 14033AL  17040.17592960  .00000158  00000-0  31374-4 0  9990
2 40044  97.8751 288.3349 0059236 348.4264  11.5579 14.73734487141972
AEROCUBE 6A             
1 40045U 14033AM  17040.17305890  .00000354  00000-0  59283-4 0  9992
2 40045  97.8850 289.3723 0058421 343.3607  16.5683 14.74689026141857
AEROCUBE 6B             
1 40046U 14033AN  17040.17316738  .00000353  00000-0  59149-4 0  9996
2 40046  97.8844 289.3157 0057642 343.0062  16.9215 14.74687214141995
UKUBE-1                 
1 40074U 14037F   17040.33696211  .00000412  00000-0  57332-4 0  9994
2 40074  98.3364 149.6224 0005983 102.9002 257.2884 14.83369586140225
BRITE-PL 2              
1 40119U 14049B   17039.77623507  .00000111  00000-0  19882-4 0  9995
2 40119  97.9432 126.3313 0018449 144.9555 215.2876 14.84072484134112
FIREBIRD 4              
1 40378U 15003C   17040.39736733  .00001569  00000-0  71401-4 0  9992
2 40378  99.1103 199.0529 0139523  65.6576 295.9145 15.14563327111667
GRIFEX                  
1 40379U 15003D   17040.44914092  .00001412  00000-0  68046-4 0  9993
2 40379  99.1116 197.4217 0144851  71.4856 290.2047 15.12322686111572
EXOCUBE                 
1 40380U 15003E   17039.85170237  .00001266  00000-0  63339-4 0  9990
2 40380  99.1147 195.7307 0148249  76.4087 285.3601 15.10952171111415
DEORBITSAIL             
1 40719U 15032E   17039.65457462  .00000395  00000-0  64859-4 0  9994
2 40719  97.9950 294.9213 0016030 192.7152 167.3655 14.75899166 85360
TIANWANG 1C (TW-1C)     
1 40926U 15051B   17040.33628622  .00006903  00000-0  17166-3 0  9999
2 40926  97.2467  80.9584 0010831 274.1238 214.5499 15.40553909 77225
TIANWANG 1B (TW-1B)     
1 40927U 15051C   17040.31707742  .00006615  00000-0  17035-3 0  9994
2 40927  97.2561  81.0062 0010869 287.0867 201.9188 15.39498357 77189
TIANWANG 1A (TW-1A)     
1 40928U 15051D   17040.30697211  .00003369  00000-0  10134-3 0  9999
2 40928  97.2439  78.3991 0011838 303.4455 185.4265 15.35008994 77077
LEMUR-2-JOEL            
1 40932U 15052C   17040.43249737  .00000896  00000-0  34424-4 0  9996
2 40932   6.0096  60.0986 0014040 250.3194 109.5459 14.77377949 74083
LEMUR-2-CHRIS           
1 40933U 15052D   17040.10985916 -.00005540  00000-0 -84569-3 0  9994
2 40933   6.0087  61.4835 0014076 252.5016 107.3617 14.77517882 74048
LEMUR-2-JEROEN          
1 40934U 15052E   17039.48171005  .00001081  00000-0  61362-4 0  9991
2 40934   6.0062  70.1469 0011121 227.8150 132.1085 14.76832784 73880
LEMUR-2-PETER           
1 40935U 15052F   17039.48193035  .00000929  00000-0  40696-4 0  9996
2 40935   6.0032  71.2548 0010429 224.7149 135.2189 14.76604448 73885
EXACTVIEW 9             
1 40936U 15052G   17039.17348902  .00000945  00000-0  43573-4 0  9993
2 40936   6.0034  75.0722 0010846 216.0949 143.9463 14.76188555 73831
ATHENOXAT 1             
1 41168U 15077C   17040.42899328  .00002580  00000-0  11057-3 0  9999
2 41168  14.9893  22.4196 0012205  47.6145  33.3206 15.11078284 63684
GALASSIA                
1 41170U 15077E   17039.52169686  .00002083  00000-0  80241-4 0  9998
2 41170  14.9899  26.1792 0013605  49.8865 310.2646 15.11628586 63573
VELOX 2                 
1 41171U 15077F   17040.10478346  .00001690  00000-0  62505-4 0  9997
2 41171  14.9923  30.7576 0009201  21.4998 338.5708 15.09517623 63582
AGGIESAT 4              
1 41313U 98067HP  17039.83300893  .00013387  00000-0  12400-3 0  9998
2 41313  51.6386 298.8077 0003303  32.9740 327.1462 15.67853803 58754
BEVO 2                  
1 41314U 98067HQ  17040.52671478  .00046624  00000-0  26094-3 0  9991
2 41314  51.6278 283.6171 0001850  67.8155 292.3570 15.78606632 58812
HORYU-IV                
1 41340U 16012D   17040.46605211  .00000538  00000-0  34938-4 0  9996
2 41340  31.0043 201.0261 0014423 249.3664 110.5424 15.00427042 53814
OUFTI-1                 
1 41458U 16025C   17040.27606407  .00002729  00000-0  15128-3 0  9990
2 41458  98.2009  70.4771 0175901 357.3367   2.6902 15.02524368 43366
E-ST@R-II               
1 41459U 16025D   17038.88691464  .00002930  00000-0  16230-3 0  9991
2 41459  98.1989  68.9811 0176452   1.8426 358.3411 15.02405866 43153
AAUSAT 4                
1 41460U 16025E   17040.34868904  .00003543  00000-0  19633-3 0  9993
2 41460  98.1941  70.5793 0169633 355.9765   4.0086 15.03070709 43386
DIWATA-1                
1 41463U 98067HT  17040.32365372  .00007521  00000-0  97838-4 0  9995
2 41463  51.6430 309.4364 0001751  88.4905   4.5589 15.59884043 44822
MINXSS                  
1 41474U 98067HU  17040.09876413  .00052984  00000-0  31820-3 0  9995
2 41474  51.6448 296.8802 0000419 204.9828 155.1152 15.77218118 42043
STMSAT-1                
1 41476U 98067HW  17040.51406372  .00074205  00000-0  40630-3 0  9996
2 41476  51.6357 293.5428 0001888 187.5966 172.5527 15.79090907 42036
NODES 2                 
1 41477U 98067HX  17039.86171473  .00025205  00000-0  21693-3 0  9998
2 41477  51.6364 303.4806 0000430 282.8867  77.2082 15.69143643 41847
NODES 1                 
1 41478U 98067HY  17040.32228939  .00020915  00000-0  18223-3 0  9990
2 41478  51.6363 301.3048 0000375 290.1360  69.9597 15.68969157 41912
FLOCK 2E'-1             
1 41479U 98067HZ  17040.30956287  .00014604  00000-0  15876-3 0  9992
2 41479  51.6408 305.5540 0003200 128.6047 323.1248 15.63720061 41814
FLOCK 2E'-3             
1 41480U 98067JA  17040.27574341  .00013780  00000-0  14888-3 0  9993
2 41480  51.6407 305.3575 0002412 154.1888 291.2290 15.63937090 41816
FLOCK 2E'-2             
1 41481U 98067JB  17040.34853797  .00013701  00000-0  14487-3 0  9995
2 41481  51.6418 304.2853 0003361 123.8008 339.5605 15.64493909 41810
FLOCK 2E'-4             
1 41482U 98067JC  17040.22480640  .00018956  00000-0  19284-3 0  9993
2 41482  51.6403 305.0155 0001872 147.3247 286.7470 15.65186150 41798
FLOCK 2E-1              
1 41483U 98067JD  17040.31232791  .00012454  00000-0  13717-3 0  9998
2 41483  51.6426 305.6043 0001456 197.0065 255.8457 15.63549287 41664
FLOCK 2E-2              
1 41484U 98067JE  17040.26922722  .00013990  00000-0  14798-3 0  9999
2 41484  51.6443 305.3426 0001066 178.3594 265.1998 15.64464186 41661
LEMUR-2-THERESACONDOR   
1 41485U 98067JF  17040.12907013  .00124326  00000-0  53308-3 0  9997
2 41485  51.6363 293.6102 0003761 140.3776  11.7214 15.84207325 41767
FLOCK 2E-3              
1 41486U 98067JG  17040.00809094  .00012810  00000-0  14488-3 0  9995
2 41486  51.6414 308.0639 0000365 338.8261 114.1805 15.62832074 41632
FLOCK 2E-4              
1 41487U 98067JH  17040.38612537  .00012823  00000-0  14043-3 0  9992
2 41487  51.6429 305.2827 0000960 332.2337 139.6244 15.63662974 41708
LEMUR-2-NICK-ALLAIN     
1 41488U 98067JJ  17040.21250377  .00105388  00000-0  49629-3 0  9992
2 41488  51.6374 294.2182 0003641 153.4278 352.2704 15.82286736 41764
LEMUR-2-KANE            
1 41489U 98067JK  17040.53189655  .00100250  00000-0  47763-3 0  9998
2 41489  51.6353 292.1610 0002653 176.9560 183.1986 15.82110524 41079
LEMUR-2-JEFF            
1 41490U 98067JL  17040.19313831  .00124373  00000-0  47407-3 0  9994
2 41490  51.6348 291.8018 0003450 165.6432 332.2142 15.86649515 41793
FLOCK 2E-6              
1 41563U 98067JM  17038.79902979  .00012723  00000-0  14429-3 0  9998
2 41563  51.6419 314.3311 0003266 102.0974 297.8322 15.62770285 39506
FLOCK 2E-5              
1 41564U 98067JN  17040.22311874  .00012510  00000-0  14262-3 0  9997
2 41564  51.6422 307.1499 0003098 124.6707  10.7135 15.62651396 39713
FLOCK 2E-7              
1 41565U 98067JP  17040.22519984  .00015934  00000-0  16843-3 0  9990
2 41565  51.6412 305.6422 0002857  22.2748 114.3037 15.64356662 39635
FLOCK 2E-8              
1 41566U 98067JQ  17040.43527336  .00031798  00000-0  23307-3 0  9993
2 41566  51.6387 299.4410 0000552  35.0112 135.9710 15.72861314 39722
FLOCK 2E'-5             
1 41567U 98067JR  17040.34136089  .00011720  00000-0  13724-3 0  9990
2 41567  51.6421 307.2664 0003588  44.5457  54.9658 15.62028003 39595
FLOCK 2E'-6             
1 41568U 98067JS  17040.19416649  .00014337  00000-0  15922-3 0  9996
2 41568  51.6403 306.8899 0003197  45.4926 115.2343 15.63187528 39612
FLOCK 2E'-8             
1 41569U 98067JT  17040.33042455  .00014214  00000-0  15039-3 0  9996
2 41569  51.6415 304.9336 0000540 137.1485 322.3663 15.64440244 39534
FLOCK 2E'-7             
1 41570U 98067JU  17040.38262797  .00018050  00000-0  17905-3 0  9992
2 41570  51.6427 303.7701 0000743 237.0391 234.8226 15.65863091 39579
FLOCK 2E-9              
1 41571U 98067JV  17040.18197884  .00016338  00000-0  16891-3 0  9995
2 41571  51.6419 305.3258 0002936  29.2869 128.8916 15.64898820 39499
FLOCK 2E-10             
1 41572U 98067JW  17040.18746028  .00014252  00000-0  15424-3 0  9990
2 41572  51.6407 306.1126 0003160  29.3485 129.8105 15.63859645 39486
FLOCK 2E-12             
1 41573U 98067JX  17040.16680742  .00015886  00000-0  16844-3 0  9990
2 41573  51.6402 306.0509 0003386  48.7154  70.6999 15.64280679 39484
FLOCK 2E-11             
1 41574U 98067JY  17040.37054029  .00015761  00000-0  16536-3 0  9997
2 41574  51.6422 304.4157 0003606  48.0136  59.9980 15.64555332 39522
FLOCK 2E'-9             
1 41575U 98067JZ  17040.29189995  .00017336  00000-0  17795-3 0  9998
2 41575  51.6396 304.6656 0004559  61.5225  27.7778 15.65025636 39502
FLOCK 2E'-10            
1 41576U 98067KA  17040.35305185  .00016922  00000-0  17834-3 0  9991
2 41576  51.6418 305.0840 0004279  61.0105  45.9216 15.64376545 39404
FLOCK 2E'-11            
1 41577U 98067KB  17040.17265159  .00015506  00000-0  16571-3 0  9992
2 41577  51.6436 306.0390 0003581  38.6988 114.3357 15.64100770 39198
FLOCK 2E'-12            
1 41578U 98067KC  17040.43779535  .00017460  00000-0  18176-3 0  9994
2 41578  51.6421 304.7424 0003760  21.4283 146.9204 15.64664299 39231
LEMUR-2-DRMUZZ          
1 41595U 16019B   17040.17747431  .00033080  00000-0  22492-3 0  9993
2 41595  51.6377 296.5826 0004156 182.2096 177.8885 15.74589794 36458
LEMUR-2-BRIDGEMAN       
1 41596U 16019C   17040.52922801  .00120904  00000-0  35033-3 0  9996
2 41596  51.6361 284.4977 0004422 185.1817 174.9673 15.92179408 36623
LEMUR-2-CUBECHEESE      
1 41597U 16019D   17040.15245113  .00189998  24636-4  56172-3 0  9990
2 41597  51.6317 288.0084 0005604 191.9471 168.1404 15.92179256 36569
LEMUR-2-NATE            
1 41598U 16019E   17040.13191077  .00247879  35665-4  57157-3 0  9999
2 41598  51.6281 286.3255 0006132 199.9802 160.0967 15.96736743 36585
FLOCK 2P-6              
1 41606U 16040H   17040.40273451  .00001980  00000-0  91423-4 0  9997
2 41606  97.4766 104.0831 0012093 154.6981 205.4849 15.21339705 35279
FLOCK 2P-11             
1 41608U 16040K   17040.40912463  .00002458  00000-0  11273-3 0  9997
2 41608  97.4762 104.0668 0012100 155.4042 204.7773 15.21343933 35211
FLOCK 2P-2              
1 41609U 16040L   17040.42170164  .00003118  00000-0  14279-3 0  9997
2 41609  97.4770 104.0657 0012214 154.9468 205.2362 15.21176662 35191
FLOCK 2P-9              
1 41610U 16040M   17040.43034299  .00002053  00000-0  95367-4 0  9993
2 41610  97.4763 104.0463 0012266 155.4546 204.7275 15.21087984 35072
FLOCK 2P-4              
1 41611U 16040N   17040.14443407  .00001041  00000-0  49556-4 0  9992
2 41611  97.4735 103.9058 0011904 166.4513 245.9058 15.21347411 35197
FLOCK 2P-10             
1 41612U 16040P   17040.37478725  .00002595  00000-0  11909-3 0  9994
2 41612  97.4794 104.2011 0011985 163.5441 196.6186 15.21264825 35239
FLOCK 2P-8              
1 41613U 16040Q   17040.39195548  .00002871  00000-0  13120-3 0  9990
2 41613  97.4790 104.1697 0012073 162.6585 197.5065 15.21320704 35238
FLOCK 2P-12             
1 41614U 16040R   17040.35322996  .00000776  00000-0  37659-4 0  9992
2 41614  97.4796 104.2478 0011659 162.9496 197.2133 15.21418260 35234
FLOCK 2P-7              
1 41615U 16040S   17040.38693168  .00002947  00000-0  13451-3 0  9993
2 41615  97.4787 104.1692 0012003 164.3719 195.7890 15.21341251 35238
FLOCK 2P-5              
1 41616U 16040T   17040.42991769  .00002503  00000-0  11460-3 0  9993
2 41616  97.4800 104.2984 0011767 162.3912 197.7733 15.21385771 35221
FLOCK 2P-1              
1 41617U 16040U   17040.35203022  .00000923  00000-0  44251-4 0  9993
2 41617  97.4797 104.2456 0011563 163.4020 196.7597 15.21378411 35238
FLOCK 2P-3              
1 41618U 16040V   17040.38054647  .00002741  00000-0  12545-3 0  9994
2 41618  97.4799 104.2082 0011777 162.8043 197.3594 15.21316412 35238
BEESAT-4                
1 41619U 16040W   17040.12303437  .00001418  00000-0  68602-4 0  9997
2 41619  97.4800 103.6788 0013125 149.7161 210.4835 15.20176449 23136
3CAT-2                  
1 41732U 16051B   17040.40250302  .00001577  00000-0  67081-4 0  9994
2 41732  97.3777 319.3171 0014808  10.5974  82.7534 15.24396111 27068
FLOCK 2E'-13            
1 41761U 98067KH  17040.19293457  .00009284  00000-0  12838-3 0  9999
2 41761  51.6446 313.7615 0008899 138.1389 342.1822 15.57882472 22937
FLOCK 2E'-14            
1 41762U 98067KJ  17040.25522557  .00009337  00000-0  12874-3 0  9992
2 41762  51.6456 313.3935 0008635 136.6878   1.5007 15.57956801 22944
FLOCK 2E'-16            
1 41763U 98067KK  17040.19258016  .00010290  00000-0  14011-3 0  9997
2 41763  51.6444 313.6913 0008018 145.3682   8.5199 15.58166477 22892
FLOCK 2E'-15            
1 41764U 98067KL  17040.20379154  .00008971  00000-0  12458-3 0  9993
2 41764  51.6447 313.7638 0008357 145.7979  11.6077 15.57823383 22895
FLOCK 2E'-18            
1 41769U 98067KM  17040.19365124  .00008363  00000-0  11618-3 0  9990
2 41769  51.6443 313.6971 0006673 159.3988 353.5558 15.57929975 22891
FLOCK 2E'-17            
1 41776U 98067KN  17040.25174654  .00009049  00000-0  12496-3 0  9998
2 41776  51.6451 313.3719 0006811 159.3689 338.2141 15.57970831 22892
FLOCK 2E'-19            
1 41777U 98067KP  17040.13378766  .00012182  00000-0  15852-3 0  9997
2 41777  51.6430 313.3023 0006494 155.5374 353.9425 15.59186013 22841
FLOCK 2E'-20            
1 41782U 98067KQ  17040.26948296  .00010897  00000-0  14459-3 0  9991
2 41782  51.6436 312.8406 0006510 155.4911 293.9686 15.58798339 22736
CANX-7                  
1 41788U 16059F   17040.37469648  .00000194  00000-0  46416-4 0  9997
2 41788  98.1850 103.1415 0029413 200.5203 159.4822 14.63667632 19899
ALSAT 1N                
1 41789U 16059G   17040.34350944  .00000075  00000-0  23543-4 0  9997
2 41789  98.1844 103.1845 0027983 194.1528 165.8888 14.64005461 19900
RAVAN                   
1 41849U 16067B   17040.20792005  .00000844  00000-0  79325-4 0  9999
2 41849  97.9605 116.1287 0008420  14.9933 345.1536 14.96672252 13367
CELTEE 1                
1 41850U 16067C   17039.68382959  .00000736  00000-0  70273-4 0  9997
2 41850  97.9611 115.5745 0008972  16.1803 343.9702 14.96440914 13280
OPTICUBE 04             
1 41851U 16067D   17040.22008255  .00000659  00000-0  63519-4 0  9993
2 41851  97.9611 116.1176 0009078  15.6874 344.4626 14.96409426 13369
AEROCUBE 8D             
1 41852U 16067E   17040.17421794 -.00000062  00000-0 -10787-6 0  9996
2 41852  97.9623 116.0316 0010016  13.0904 347.0574 14.96073430 13350
AEROCUBE 8C             
1 41853U 16067F   17039.64134942 -.00000062  00000-0 -94329-7 0  9998
2 41853  97.9624 115.4840 0010454  15.4987 344.6552 14.96036378 13270
PROMETHEUS 2-1          
1 41854U 16067G   17039.78278566 -.00000048  00000-0  11413-5 0  9999
2 41854  97.9622 115.6095 0010691  13.8373 346.3138 14.95923587 13294
PROMETHEUS 2-3          
1 41855U 16067H   17039.78342655 -.00000038  00000-0  20189-5 0  9990
2 41855  97.9624 115.6099 0010877  13.9832 346.1687 14.95913465 13299
LEMUR-2-XIAOQING        
1 41871U 16062C   17040.40708661  .00001900  00000-0  98031-4 0  9995
2 41871  51.6377 333.6083 0007655 148.3215 305.2833 15.21397065 11482
LEMUR-2-SOKOLSKY        
1 41872U 16062D   17040.28005537  .00001811  00000-0  93908-4 0  9993
2 41872  51.6388 334.1822 0007672 148.2968 343.6482 15.21487049 11450
LEMUR-2-ANUBHAVTHAKUR   
1 41873U 16062E   17040.22543659  .00000329  00000-0  29173-4 0  9996
2 41873  51.6367 334.5345 0007574 147.1819 358.9682 15.21162362 11433
LEMUR-2-WINGO           
1 41874U 16062F   17040.28484997  .00001209  00000-0  67809-4 0  9998
2 41874  51.6386 334.2063 0007409 146.4365 348.6822 15.21338384 11457
STARS-C                 
1 41895U 98067KR  17040.16992746  .00015762  00000-0  22968-3 0  9994
2 41895  51.6478 316.0996 0006219 181.2246 178.8721 15.55874426  8027
BY70-1                  
1 41909U 16083C   17040.48797742  .01273830  00000-0  11387-2 0  9997
2 41909  97.5646 122.3214 0102292 203.0404 156.6645 16.02400278  6836
TANCREDO-1              
1 41931U 98067KT  17040.18154318  .00027519  00000-0  38769-3 0  9991
2 41931  51.6529 316.1755 0010260 151.2660 208.8864 15.56360501  3591
ITF-2                   
1 41932U 98067KU  17039.80452378  .00016049  00000-0  23776-3 0  9994
2 41932  51.6440 318.1615 0008572 151.9863 208.1632 15.55390152  3530
WASEDA-SAT3             
1 41933U 98067KV  17038.19825588  .00015666  00000-0  23254-3 0  9998
2 41933  51.6446 326.1788 0007720 144.1346 216.0147 15.55365472  3289
FREEDOM                 
1 41934U 98067KW  17040.19189554  .00008786  00000-0  13448-3 0  9997
2 41934  51.6469 316.2457 0009649 154.1852 205.9619 15.55179162  3687
AOBA-VELOX 3            
1 41935U 98067KX  17040.19109369  .00012394  00000-0  18576-3 0  9991
2 41935  51.6481 316.2432 0007602 151.3499 208.7911 15.55331351  3695
TUPOD                   
1 41936U 98067KY  17039.79806395  .00036332  00000-0  50951-3 0  9990
2 41936  51.6440 318.1194 0008973 145.2813 214.8560 15.56350850  3011
OSNSAT                  
1 41939U 98067KZ  17040.18411342  .00020339  00000-0  29246-3 0  9995
2 41939  51.6510 316.1953 0009598 150.0343 210.1190 15.56007251  2942
