BEIJING 1               
1 28890U 05043A   17040.42275746  .00000028  00000-0  14547-4 0  9993
2 28890  97.8560 202.6953 0014964 189.3847 170.7079 14.61160733601768
HJ-1A                   
1 33320U 08041A   17040.39003954  .00000142  00000-0  27528-4 0  9994
2 33320  97.9529 107.1713 0027608  78.1688 282.2609 14.76733095453922
HJ-1B                   
1 33321U 08041B   17040.40261566  .00000132  00000-0  26016-4 0  9992
2 33321  97.9577 108.2998 0036138  93.5039 267.0302 14.76804936453915
YAOGAN 4                
1 33446U 08061A   17040.44493389  .00000050  00000-0  13955-4 0  9993
2 33446  97.5902  45.0432 0015945   3.1888 356.9421 14.76593522441175
DEIMOS-1                
1 35681U 09041A   17040.44483942 -.00000032  00000-0  26555-5 0  9991
2 35681  97.9680 295.5134 0002248  48.1466 311.9905 14.71634866404358
UK-DMC 2                
1 35683U 09041C   17040.43272130 -.00000056  00000-0 -14352-5 0  9996
2 35683  97.8571 283.8593 0001565  87.6661 272.4707 14.70938763404222
RISAT 1                 
1 38248U 12017A   17040.58193735  .00000309  00000-0  23537-4 0  9995
2 38248  97.5740  49.8840 0005489 107.9322   5.6461 15.08936003263998
DMC3-FM1                
1 40715U 15032A   17040.38853373  .00000009  00000-0  92101-5 0  9997
2 40715  98.0543 296.9103 0015841 182.1344 177.9774 14.73718688 85378
DMC3-FM2                
1 40716U 15032B   17040.41143721  .00000007  00000-0  89464-5 0  9997
2 40716  98.0560 296.9823 0012924 190.1532 169.9405 14.73720243 85387
DMC3-FM3                
1 40717U 15032C   17040.43448455  .00000011  00000-0  94984-5 0  9990
2 40717  98.0540 297.7952 0016695 183.5065 176.6016 14.73693520 85384
