SAUDISAT 1C             
1 27607U 02058C   17040.42972659 -.00000005  00000-0  19786-4 0  9994
2 27607  64.5556 155.9533 0039298 154.1069 206.2011 14.75280888760267
SAUDISAT 2              
1 28371U 04025F   17040.38834874  .00000012  00000-0  13200-4 0  9992
2 28371  98.1166 358.5962 0026031  17.9335 342.2786 14.54231677669263
SAUDISAT 3              
1 31118U 07012B   17040.43095927  .00000032  00000-0  13283-4 0  9991
2 31118  97.7248  40.7843 0014617 323.6478  36.3740 14.69040878526251
PISAT                   
1 41784U 16059B   17040.14753278  .00000105  00000-0  29768-4 0  9996
2 41784  98.1853 102.8131 0031759 199.7577 160.2397 14.63174501 19859
