PROBA-1                 
1 26958U 01049B   17040.43508334 -.00000157  00000-0 -84022-5 0  9992
2 26958  97.5464  12.0957 0074871  37.1973 323.4386 14.94950992832439
BIRD 2                  
1 26959U 01049C   17040.40197741  .00001448  00000-0  46953-4 0  9998
2 26959  97.7758 340.5887 0011123 110.8065 249.4369 15.33754933846738
CUTE-1 (CO-55)          
1 27844U 03031E   17039.59446431  .00000062  00000-0  48001-4 0  9993
2 27844  98.6917  50.4616 0009763   5.9175 354.2116 14.22013419706047
CUBESAT XI-IV (CO-57)   
1 27848U 03031J   17039.48915294  .00000048  00000-0  41861-4 0  9994
2 27848  98.7013  50.5604 0009860  15.2371 344.9101 14.21631231705919
GENESIS 1               
1 29252U 06029A   17039.40264380  .00000569  00000-0  39246-4 0  9992
2 29252  64.5062 346.0462 0008895 255.5832 243.2567 15.16560335582302
FALCONSAT-3             
1 30776U 07006E   17039.77087984  .00002756  00000-0  90406-4 0  9999
2 30776  35.4361 160.7794 0004013 255.6537 104.3743 15.31384932548550
GENESIS 2               
1 31789U 07028A   17039.55853540  .00000570  00000-0  39785-4 0  9998
2 31789  64.5049  23.0339 0042503 237.0401 122.6631 15.15833893529406
APRIZESAT 4             
1 35684U 09041D   17039.44174087  .00000046  00000-0  13646-4 0  9999
2 35684  98.1172 340.4301 0047990 150.6166 330.6811 14.78989787406106
APRIZESAT 3             
1 35686U 09041F   17039.90387713  .00000126  00000-0  20223-4 0  9992
2 35686  98.2698  34.0958 0074599  70.7644 290.1623 14.87013866408125
PROBA-2                 
1 36037U 09059B   17039.64743081  .00000008  00000-0  12760-4 0  9993
2 36037  98.2551 235.0977 0013666  17.3388 342.8272 14.52985654385469
APRIZESAT 5             
1 37792U 11044E   17040.44600176  .00000067  00000-0  17939-4 0  9994
2 37792  98.3158 179.8603 0059742  97.6803 263.1195 14.75087028295036
APRIZESAT 6             
1 37793U 11044F   17039.84343819  .00000052  00000-0  16665-4 0  9994
2 37793  98.2701 165.9782 0048249 121.2717  31.3588 14.72168939294388
TET-1                   
1 38710U 12039D   17039.84773985  .00002867  00000-0  64737-4 0  9999
2 38710  97.5280 351.2614 0001560  30.5668 329.5670 15.44094166254434
STSAT-2C                
1 39068U 13003A   17040.18256783  .00024977 -61231-6  24973-3 0  9992
2 39068  80.2233 274.2726 0389342 139.8401 223.2305 15.07385175213196
PROBA-V                 
1 39159U 13021A   17040.45032999 -.00000030  00000-0  57860-5 0  9992
2 39159  98.6095 119.4719 0004861  34.4755 325.6737 14.22936803195438
CUSAT 1                 
1 39266U 13055B   17039.74977779  .00004289  00000-0  12339-3 0  9991
2 39266  80.9905 142.4807 0668444 244.6087 108.4478 14.27428725173665
STPSAT-3                
1 39380U 13064A   17039.71773738  .00001909  00000-0  63456-4 0  9997
2 39380  40.5003 172.9503 0004286 281.2673  78.7659 15.33900382180042
APRIZESAT 7             
1 39416U 13066A   17039.68878324  .00000057  00000-0  13170-4 0  9993
2 39416  97.6534  95.2581 0040289 316.6251  43.1795 14.83653083174176
APRIZESAT 8             
1 39425U 13066K   17039.70332353  .00000064  00000-0  14736-4 0  9990
2 39425  97.6477  90.0002 0051264 328.0662  31.7446 14.80905648173888
BUGSAT-1 (TITA)         
1 40014U 14033E   17040.37757256 -.00000101  00000-0 -36059-5 0  9996
2 40014  97.9535 323.4408 0033310  31.0597 329.2581 14.94626397144110
SAUDISAT 4              
1 40016U 14033G   17039.63006466  .00000036  00000-0  12830-4 0  9990
2 40016  97.8801 290.6351 0048107 343.4470  16.5167 14.75085889142207
TABLETSAT-AURORA        
1 40017U 14033H   17040.43864437  .00000395  00000-0  43910-4 0  9992
2 40017  97.9450 319.8061 0024599  32.7909 327.4830 14.92643375143925
APRIZESAT 9             
1 40018U 14033J   17040.23692177  .00000026  00000-0  12451-4 0  9998
2 40018  97.8637 282.3886 0071652   0.6215 359.5068 14.69775892141681
APRIZESAT 10            
1 40019U 14033K   17040.43988074  .00000046  00000-0  16453-4 0  9993
2 40019  97.8564 277.8271 0084753  11.7470 348.5686 14.66848831141494
AISAT                   
1 40054U 14034B   17039.83498289  .00000397  00000-0  64070-4 0  9996
2 40054  98.1876 137.5865 0014268  97.8035 262.4795 14.76924775140778
CANX-4                  
1 40055U 14034C   17040.26106326  .00000082  00000-0  20207-4 0  9999
2 40055  98.1854 136.0327 0015588 109.1563 251.1334 14.74556858140709
CANX-5                  
1 40056U 14034D   17039.71892955  .00000083  00000-0  20445-4 0  9993
2 40056  98.1856 135.4828 0015591 110.9434 249.3444 14.74552560140620
TDS 1                   
1 40076U 14037H   17040.44164913  .00000066  00000-0  15737-4 0  9995
2 40076  98.3227 146.5489 0007067 117.4753 242.7169 14.81296873140112
TIANTUO 2               
1 40144U 14053B   17040.45391574  .00000895  00000-0  30614-4 0  9996
2 40144  97.3318 124.0089 0012266  14.5576  51.0821 15.32839179135425
