TDRS 3                  
1 19548U 88091B   17040.13406753 -.00000316  00000-0  00000+0 0  9994
2 19548  14.8750   9.4782 0040040 308.5159 167.4263  1.00269118 91123
SKYNET 4C               
1 20776U 90079A   17037.57542547  .00000113  00000-0  00000-0 0  9999
2 20776  13.7669  17.4293 0004035 293.8675  66.1237  1.00272116 96677
TDRS 5                  
1 21639U 91054B   17039.70224642  .00000068  00000-0  00000+0 0  9990
2 21639  14.2906  22.7890 0025096 332.5625 228.7050  1.00272388 93457
TDRS 6                  
1 22314U 93003B   17040.43061400 -.00000311  00000-0  00000+0 0  9992
2 22314  13.8082  25.6854 0007916 290.2079 292.9823  1.00277217 88130
INTELSAT 701 (IS-701)   
1 22871U 93066A   17040.36013032 -.00000242  00000-0  00000+0 0  9992
2 22871   3.9551  67.7112 0004612 244.5980 287.4435  1.00271479 85113
ASTRA 1D                
1 23331U 94070A   17040.16407388 -.00000309  00000-0  00000+0 0  9993
2 23331   7.3674  50.2326 0003802 262.2761 198.6942  1.00272992 81929
BRASILSAT B2            
1 23536U 95016A   17040.42950167 -.00000301  00000-0  00000+0 0  9990
2 23536   6.9930  52.0776 0002875 280.7732 253.4482  1.00270014 80074
AMSC 1                  
1 23553U 95019A   17039.01688256 -.00000134  00000-0  00000+0 0  9996
2 23553   9.9186  41.0338 0003544 274.8687  85.1689  1.00272174 79917
TDRS 7                  
1 23613U 95035B   17040.03421157 -.00000218  00000-0  00000+0 0  9993
2 23613  14.9275  16.4974 0022585  17.0724 202.9099  1.00274366 78903
ECHOSTAR 1              
1 23754U 95073A   17040.07895389 -.00000265  00000-0  00000+0 0  9999
2 23754   0.5439  90.9657 0003198 249.1161 110.4179  1.00270746 77201
INMARSAT 3-F1           
1 23839U 96020A   17040.15552352 -.00000017  00000-0  00000+0 0  9990
2 23839   3.7417  68.1140 0006074 256.1384 295.6552  1.00274023 76371
ASTRA 1F                
1 23842U 96021A   17040.15535105  .00000115  00000-0  00000+0 0  9990
2 23842   0.0575 303.7224 0003972   8.0765 287.8440  1.00266252 76084
MSAT M1                 
1 23846U 96022A   17039.05278421 -.00000104  00000-0  00000+0 0  9996
2 23846   7.5559  49.7825 0005429 267.6493  92.3924  1.00272544 76184
INMARSAT 3-F2           
1 24307U 96053A   17040.24166788 -.00000149  00000-0  00000+0 0  9997
2 24307   2.3678  78.3806 0007761 234.2497 258.3778  1.00271725 74789
AMC-1 (GE-1)            
1 24315U 96054A   17039.21249778  .00000036  00000-0  00000+0 0  9997
2 24315   1.3009  85.7633 0003233 222.2178 137.8367  1.00271765 74776
AFRICASAT-2 (MEASAT-2)  
1 24653U 96063B   17038.10954147 -.00000246  00000-0  00000+0 0  9996
2 24653   7.2848  50.6736 0009790 197.5419  76.6053  1.00271090 74085
EUTELSAT 48A            
1 24665U 96067A   17040.16129571  .00000092  00000-0  00000+0 0  9995
2 24665   6.1469  55.9700 0006271 265.1059 284.6129  1.00272166 74436
INMARSAT 3-F3           
1 24674U 96070A   17039.50152498  .00000013  00000-0  00000+0 0  9992
2 24674   3.1805  72.4136 0005311 250.1219 174.8676  1.00271174 73715
AMC-2 (GE-2)            
1 24713U 97002A   17039.14585870 -.00000233  00000-0  00000+0 0  9991
2 24713   4.0978  66.6357 0005267 249.2604 150.1685  1.00273573 24074
INTELSAT 26 (IS-26)     
1 24732U 97007A   17040.15552352 -.00000019  00000-0  00000+0 0  9991
2 24732   7.2628  50.9706 0003032 276.2658 292.4086  1.00272486 73030
GALAXY 25 (G-25)        
1 24812U 97026A   17039.87194065 -.00000186  00000-0  00000+0 0  9996
2 24812   0.0226  79.1935 0003493 241.2933  39.4518  1.00272115 72116
ABS-3                   
1 24901U 97042A   17040.03507898 -.00000214  00000-0  00000+0 0  9997
2 24901   4.6547  64.0123 0009108 267.7688 265.4055  1.00270011 71289
INTELSAT 5 (IS-5)       
1 24916U 97046A   17039.37838758 -.00000164  00000-0  00000+0 0  9998
2 24916   3.2958  71.7556 0004103 237.0238 123.0827  1.00271851 71360
METEOSAT-7              
1 24932U 97049B   17039.56080216  .00000029  00000-0  00000+0 0  9997
2 24932  10.5028  38.4117 0001500 289.7319  70.3258  1.00269765 71174
AMC-3 (GE-3)            
1 24936U 97050A   17040.22687810 -.00000283  00000-0  00000+0 0  9994
2 24936   0.1124  91.5711 0003016 220.3785 197.1966  1.00270332 71202
NSS-5                   
1 24957U 97053A   17040.15845929  .00000084  00000-0  00000+0 0  9997
2 24957   3.5927  69.9614 0003939 252.7022 284.2810  1.00272878 70999
ECHOSTAR 3              
1 25004U 97059A   17040.00966742 -.00000307  00000-0  00000+0 0  9997
2 25004   1.8950  80.8196 0001832 256.0405 104.1048  1.00271388 70908
JCSAT-1B                
1 25067U 97075A   17040.36181606  .00000000  00000-0  10000-3 0  9995
2 25067   5.3442  59.7283 0007067 247.1048 112.9718  1.00265354 70316
ASTRA 1G                
1 25071U 97076A   17040.15646571  .00000079  00000-0  00000+0 0  9996
2 25071   2.0631  78.8864 0000469 229.4051 302.2921  1.00121104 70299
BRASILSAT B3            
1 25152U 98006A   17039.98084735 -.00000307  00000-0  00000+0 0  9992
2 25152   3.7903  69.0054 0002125 238.7906 121.3488  1.00274427 69681
INMARSAT 3-F5           
1 25153U 98006B   17040.07598779 -.00000312  00000-0  00000+0 0  9999
2 25153   2.3218  74.4289 0004931 242.6779 155.5906  1.00272672 69645
NSS-806                 
1 25239U 98014A   17040.42470562 -.00000303  00000-0  00000+0 0  9991
2 25239   0.0630 331.6883 0005100 347.9324 285.4605  1.00271618 69418
CHINASAT 5A (ZX 5A)     
1 25354U 98033A   17038.76214258 -.00000379  00000-0  00000-0 0  9996
2 25354   0.9703  87.9410 0001868 211.0647 239.5492  1.00015572 72984
THOR III                
1 25358U 98035A   17038.79507352 -.00000064  00000-0  00000-0 0  9996
2 25358   5.2000  59.9031 0002557 265.4051  94.6924  1.00272401 68590
INTELSAT 805 (IS-805)   
1 25371U 98037A   17040.36843894  .00000000  00000-0  10000-3 0  9996
2 25371   0.0049   7.0002 0003154 314.8907 119.3924  1.00270110 68327
ASTRA 2A                
1 25462U 98050A   17040.00336532  .00000000  00000-0  10000-3 0  9999
2 25462   0.0925 258.1972 0003535   3.9836 351.8018  1.00267913 67497
AFRISTAR                
1 25515U 98063A   17040.04814976  .00000100  00000-0  00000+0 0  9995
2 25515   3.0525  70.0776 0004159 255.0869 212.4817  1.00275097 66880
JCSAT-4A                
1 25630U 99006A   17039.95881625 -.00000180  00000-0  00000+0 0  9993
2 25630   2.0330  80.6946 0001990 245.4226 240.2106  1.00271112 65745
SKYNET 4E               
1 25639U 99009B   17038.94196198  .00000005  00000-0  00000-0 0  9993
2 25639  10.0163  29.6135 0002854 292.3437 161.3384  1.00274605 17147
ASIASAT 3S              
1 25657U 99013A   17040.42621122  .00000000  00000-0  10000-3 0  9993
2 25657   2.2518  78.9133 0003129 247.0427 113.1086  1.00263855 65581
NIMIQ 1                 
1 25740U 99027A   17040.37155448 -.00000223  00000-0  00000+0 0  9991
2 25740   0.0076 333.0585 0005863 351.0501 222.7569  1.00271610 64963
ASTRA 1H                
1 25785U 99033A   17040.16048552  .00000114  00000-0  00000+0 0  9999
2 25785   3.5768  70.1185 0003135 247.8911 282.6663  1.00274464 64544
TELKOM 1                
1 25880U 99042A   17039.96645310 -.00000368  00000-0  00000+0 0  9998
2 25880   0.0469 256.3225 0001614  85.6146 253.2125  1.00271062 64112
ABS-7                   
1 25894U 99046A   17039.95736672 -.00000386  00000-0  00000+0 0  9998
2 25894   0.0575 263.3976 0001969  71.2862 265.2675  1.00269749 62890
ABS-6                   
1 25924U 99053A   17040.36128664  .00000000  00000-0  10000-3 0  9990
2 25924   0.0100 354.8548 0001865  12.1814  61.6342  1.00266725 63638
TELSTAR 12 (ORION 2)    
1 25949U 99059A   17040.46106102 -.00000087  00000-0  00000+0 0  9998
2 25949   0.6671  89.2926 0003432 223.8522 243.3397  1.00271198 63282
AMC-4 (GE-4)            
1 25954U 99060A   17039.79981906 -.00000296  00000-0  00000+0 0  9995
2 25954   0.0114  40.6168 0001092 331.0578 348.2922  1.00269459 63248
GALAXY 11 (G-11)        
1 26038U 99071A   17040.15782170  .00000113  00000-0  00000+0 0  9992
2 26038   0.0211  78.4136 0001744 312.6776 210.1743  1.00266189 62854
HISPASAT 1C             
1 26071U 00007A   17039.37446337 -.00000235  00000-0  00000+0 0  9990
2 26071   0.2983  87.6152 0007915 256.4789 205.5648  1.00272410 62388
SUPERBIRD-B2            
1 26095U 00012A   17040.26198883 -.00000117  00000-0  00000+0 0  9991
2 26095   0.1305  98.7617 0002943 230.8351  66.1992  1.00271726 62198
ASIASTAR                
1 26107U 00016A   17040.54862914  .00000000  00000-0  10000-3 0  9998
2 26107   1.4127  82.1282 0004113 243.4404 116.7472  1.00267277 61913
EUTELSAT 16C            
1 26243U 00019A   17039.87548281  .00000067  00000-0  00000+0 0  9992
2 26243   4.0271  66.9919 0003447 256.2634 145.5178  1.00272003 61541
EUTELSAT 36A            
1 26369U 00028A   17038.79141834 -.00000123  00000-0  00000-0 0  9999
2 26369   0.7457  84.7034 0001694 194.0663 224.8257  1.00089141 61186
TDRS 8                  
1 26388U 00034A   17039.52511321 -.00000249  00000-0  00000+0 0  9999
2 26388   7.2763  56.9516 0008899 223.1476 136.8910  1.00267135 60925
ECHOSTAR 6              
1 26402U 00038A   17039.57826153 -.00000171  00000-0  00000+0 0  9991
2 26402   3.9423  67.7918 0004054 251.8256 291.1928  1.00271227 60669
INTELSAT 9 (IS-9)       
1 26451U 00043A   17040.18812110 -.00000296  00000-0  00000+0 0  9996
2 26451   3.2837  71.9772 0003246 242.9635 209.1287  1.00270632 60604
BRASILSAT B4            
1 26469U 00046A   17040.10712249  .00000000  00000-0  10000-3 0  9999
2 26469   1.3943  85.7554 0003168 252.3863 107.7172  1.00265511 60394
NILESAT 102             
1 26470U 00046B   17040.23580953 -.00000084  00000-0  00000+0 0  9998
2 26470   1.4150  84.2291 0006070 228.0711 265.0515  1.00271476 60392
ASTRA 2B                
1 26494U 00054A   17040.22739552  .00000094  00000-0  00000+0 0  9993
2 26494   1.9508  79.5165 0004628 248.3630 272.8383  1.00271677 59995
AMC-7 (GE-7)            
1 26495U 00054B   17039.98804489  .00000064  00000-0  00000+0 0  9994
2 26495   0.0239  65.8195 0002295 228.8029  65.3176  1.00273052 60010
NSS-11 (AAP-1)          
1 26554U 00059A   17039.78311914 -.00000368  00000-0  00000+0 0  9997
2 26554   0.0567 282.1329 0001554  50.0059 197.0178  1.00272829 59922
N-SAT-110 (JCSAT-110)   
1 26559U 00060A   17040.55494828  .00000000  00000-0  10000-3 0  9994
2 26559   0.0258  85.8295 0002038   0.2429   3.5619  1.00266994 59871
AMC-6 (GE-6)            
1 26580U 00067A   17040.21169645 -.00000297  00000-0  00000+0 0  9998
2 26580   0.0588 285.6629 0002864  23.9223 199.0808  1.00272597 59746
INTELSAT 12 (IS-12)     
1 26590U 00068A   17040.15782170  .00000113  00000-0  00000+0 0  9993
2 26590   0.2148  95.2447 0003191 225.5130 280.4646  1.00270051 59552
INTELSAT 1R (IS-1R)     
1 26608U 00072A   17039.99641465 -.00000227  00000-0  00000+0 0  9996
2 26608   0.0577  99.4668 0001191 186.7378 132.5659  1.00010848 59419
ANIK F1                 
1 26624U 00076A   17039.91140893 -.00000098  00000-0  00000+0 0  9995
2 26624   0.0175 142.3080 0000828 191.7965  25.8554  1.00271185 59489
ASTRA 2D                
1 26638U 00081A   17039.65165124  .00000043  00000-0  00000+0 0  9990
2 26638   3.4008  70.6559 0002060 250.9667 109.1675  1.00268968 59145
AMC-8 (GE-8)            
1 26639U 00081B   17040.46631598  .00000080  00000-0  00000+0 0  9996
2 26639   0.0178  16.1179 0002566 312.7837 199.6913  1.00271496 59034
SKYNET 4F               
1 26695U 01005B   17039.95221730 -.00000268  00000-0  00000+0 0  9999
2 26695   8.7499  37.5540 0003447 290.9088 119.5662  1.00274112 58635
EUTELSAT 33C            
1 26719U 01011A   17039.97409314  .00000132  00000-0  00000+0 0  9990
2 26719   0.0729 338.7432 0006288 348.3549 195.9213  1.00275208 58339
INTELSAT 10 (IS-10)     
1 26766U 01019A   17040.15520058  .00000102  00000-0  00000+0 0  9998
2 26766   1.2504  85.8517 0004192 206.0037 310.9309  1.00268789 57681
INTELSAT 901 (IS-901)   
1 26824U 01024A   17040.23922826 -.00000165  00000-0  00000+0 0  9997
2 26824   0.0102 286.3721 0002918  36.0355 245.2271  1.00270580 57354
ASTRA 2C                
1 26853U 01025A   17040.16191198  .00000023  00000-0  00000+0 0  9994
2 26853   0.1298  89.6553 0003869 228.1506 300.1873  1.00270712 57332
ARTEMIS                 
1 26863U 01029A   17039.86714708 -.00000389  00000-0  00000+0 0  9998
2 26863  12.5937  34.4022 0002820 305.9154 234.0015  1.00269053 58158
INTELSAT 902 (IS-902)   
1 26900U 01039A   17039.91101414  .00000009  00000-0  00000+0 0  9999
2 26900   0.0156  78.7442 0002945 245.9169 204.4696  1.00271679 56521
EUTELSAT 8 WEST A       
1 26927U 01042A   17040.23938705 -.00000125  00000-0  00000+0 0  9990
2 26927   0.0700  42.4317 0007538 274.7512 255.9836  1.00271304 56284
DIRECTV 4S              
1 26985U 01052A   17040.11923263 -.00000137  00000-0  00000+0 0  9998
2 26985   0.0530 266.8354 0002429  51.6529 122.6134  1.00272479 55752
INSAT-3C                
1 27298U 02002A   17040.53651810 -.00000263  00000-0  00000+0 0  9994
2 27298   0.3558  92.5324 0002275 286.8121  41.4663  1.00406629 55125
ECHOSTAR 7              
1 27378U 02006A   17039.98569512  .00000000  00000-0  10000-3 0  9994
2 27378   0.0226 283.5060 0002108  51.2714  40.5473  1.00270680 54819
INTELSAT 904 (IS-904)   
1 27380U 02007A   17039.91335645  .00000025  00000-0  00000+0 0  9991
2 27380   0.0210 112.0660 0002302 145.3190 270.5958  1.00273091 54841
TDRS 9                  
1 27389U 02011A   17040.23907047 -.00000124  00000-0  00000+0 0  9994
2 27389   4.9872  80.7359 0023085 237.1890 255.5948  1.00271466 56197
JCSAT 2A                
1 27399U 02015A   17040.49591178  .00000000  00000-0  10000-3 0  9998
2 27399   0.2098  94.1845 0003266 167.4318 192.5372  1.00263329 54373
ASTRA 3A                
1 27400U 02015B   17039.94449103 -.00000303  00000-0  00000+0 0  9991
2 27400   3.5689  69.4074 0000589 299.4460  60.7131  1.00420091 54477
INTELSAT 903 (IS-903)   
1 27403U 02016A   17040.12565845 -.00000263  00000-0  00000+0 0  9994
2 27403   0.0169  15.7243 0003463 294.7024 199.6805  1.00271319 54405
NSS-7                   
1 27414U 02019A   17039.90206855 -.00000180  00000-0  00000+0 0  9994
2 27414   1.6289  83.7863 0002603 249.0761 111.0353  1.00270995 54311
DIRECTV 5 (TEMPO 1)     
1 27426U 02023A   17038.92186804 -.00000078  00000-0  00000+0 0  9990
2 27426   0.0117 106.4756 0003522 209.9773  43.4856  1.00273085 54050
INTELSAT 905 (IS-905)   
1 27438U 02027A   17040.11832404 -.00000209  00000-0  00000+0 0  9991
2 27438   0.0205 200.7517 0002288 107.4589 209.2626  1.00271993 53725
EXPRESS-A4              
1 27441U 02029A   17038.62689953 -.00000267  00000-0  00000-0 0  9994
2 27441   5.8419  57.3631 0001012 214.9159 236.6159  1.00274091 53719
GALAXY 3C (G-3C)        
1 27445U 02030A   17040.10368088  .00000000  00000-0  10000-3 0  9997
2 27445   0.0205  70.1845 0002084 271.0046 100.4054  1.00266095 53720
EUTELSAT 5 WEST A       
1 27460U 02035A   17039.62784821 -.00000066  00000-0  00000+0 0  9999
2 27460   0.0469 350.4521 0006312 329.4529  40.0128  1.00270184 53495
N-STAR C                
1 27461U 02035B   17040.41691644  .00000000  00000-0  10000-3 0  9991
2 27461   4.3919  65.5435 0002497 269.0305  91.1057  1.00262747 53081
ECHOSTAR 8              
1 27501U 02039A   17040.07895389 -.00000267  00000-0  00000+0 0  9995
2 27501   0.8239  89.1531 0003328 235.2514 126.4404  1.00270440 53034
EUTELSAT 12 WEST A      
1 27508U 02040A   17039.71379908 -.00000269  00000-0  00000+0 0  9999
2 27508   0.0746  38.4367 0006484 306.7670  14.7415  1.00269759 53002
METEOSAT-8 (MSG-1)      
1 27509U 02040B   17040.15829396  .00000118  00000-0  00000+0 0  9993
2 27509   4.6197  58.8422 0000938 211.8517 327.1734  1.00264428 53008
INTELSAT 906 (IS-906)   
1 27513U 02041A   17039.91055267 -.00000009  00000-0  00000+0 0  9999
2 27513   0.0089  95.0552 0002674 233.0661 202.9847  1.00272118 52723
KODAMA (DRTS)           
1 27516U 02042B   17039.79110676 -.00000263  00000-0  00000+0 0  9997
2 27516   4.8107  62.8136 0002941 274.7930 177.0058  1.00271965 52801
KALPANA-1 (METSAT 1)    
1 27525U 02043A   17037.57240821 -.00000094  00000-0  00000+0 0  9990
2 27525   6.1323  56.1018 0015881 231.1265 128.8356  1.00272674 52775
HISPASAT 1D             
1 27528U 02044A   17040.36013032 -.00000241  00000-0  00000+0 0  9991
2 27528   0.0602 291.3680 0006493  34.4710 273.4022  1.00270208 52708
TDRS 10                 
1 27566U 02055A   17039.26364458  .00000057  00000-0  00000+0 0  9997
2 27566   4.8113  58.9962 0012606 224.2957 135.7488  1.00275604 51973
NSS-6                   
1 27603U 02057A   17040.54345816  .00000000  00000-0  10000-3 0  9994
2 27603   0.0287  51.3179 0003295 225.9028 153.1679  1.00264973 51842
NIMIQ 2                 
1 27632U 02062A   17039.59015074 -.00000265  00000-0  00000+0 0  9994
2 27632   1.7248  82.6339 0003632 341.9170  18.1998  1.00271167 51630
INTELSAT 907 (IS-907)   
1 27683U 03007A   17037.69572944 -.00000221  00000-0  00000+0 0  9995
2 27683   0.0087  38.0009 0003512 283.8641  38.0800  1.00271141 51121
INSAT-3A                
1 27714U 03013A   17040.49232626 -.00000281  00000-0  00000+0 0  9995
2 27714   0.8870  88.7251 0016925 227.0781 301.4447  0.99804497 50702
GALAXY 12 (G-12)        
1 27715U 03013B   17039.73694084  .00000035  00000-0  00000+0 0  9997
2 27715   0.0694 263.2196 0001945  51.5849 320.4750  1.00271810 50751
ASIASAT 4               
1 27718U 03014A   17040.47174207 -.00000385  00000-0  00000+0 0  9993
2 27718   0.0180 104.8186 0002061 163.1901 163.6250  1.00269516 50686
HELLAS-SAT 2            
1 27811U 03020A   17039.85187017  .00000128  00000-0  00000+0 0  9991
2 27811   0.0056 281.6967 0004269  38.0953 164.9969  1.00275115 50090
AMC-9 (GE-12)           
1 27820U 03024A   17040.05877661  .00000000  00000-0  10000-3 0  9994
2 27820   0.0056 348.6699 0002904 324.7211 124.0308  1.00265478 50097
THURAYA-2               
1 27825U 03026A   17039.02487654  .00000110  00000-0  00000+0 0  9992
2 27825   4.8045  28.6421 0005204 279.7466 242.8672  1.00273867 50091
OPTUS C1                
1 27831U 03028B   17038.63755597 -.00000168  00000-0  00000+0 0  9995
2 27831   0.0483 233.2319 0003043  65.6766 224.5257  1.00271967 50068
ECHOSTAR 12 (RAINBOW 1) 
1 27852U 03033A   17040.18250310 -.00000307  00000-0  00000+0 0  9995
2 27852   0.0582 281.7647 0002041  70.4974 151.6907  1.00271158 49731
GALAXY 23 (G-23)        
1 27854U 03034A   17039.57328309 -.00000010  00000-0  00000+0 0  9994
2 27854   0.0113  85.6536 0003020 238.0780 260.4996  1.00271743 54290
EUTELSAT 33A            
1 27948U 03043A   17040.16147847  .00000128  00000-0  00000+0 0  9990
2 27948   2.1130  78.9523 0002542 231.6435 277.8284  1.00274829 49082
GALAXY 13 (HORIZONS-1)  
1 27954U 03044A   17040.31793595  .00000025  00000-0  00000+0 0  9998
2 27954   0.0086  97.2151 0001350 192.7573 197.0137  1.00262129 48914
ZHONGXING-20            
1 28082U 03052A   17038.64245098 -.00000347  00000-0  00000-0 0  9992
2 28082   3.2532  71.9559 0006070 248.8450 151.6824  1.00270593 48508
YAMAL 202               
1 28089U 03053A   17039.85169656  .00000096  00000-0  00000+0 0  9998
2 28089   0.0667  92.3832 0002997 227.3322 174.9851  1.00273886 48432
AMOS-2                  
1 28132U 03059A   17040.04076063 -.00000060  00000-0  00000+0 0  9997
2 28132   0.4578  90.6782 0003832 232.1646 187.0713  1.00270468 48146
EXPRESS-AM22 (SESAT 2)  
1 28134U 03060A   17040.02892766 -.00000160  00000-0  00000+0 0  9996
2 28134   0.1803  89.2077 0001200 275.7745 224.7968  1.00271085 48021
AMC-10 (GE-10)          
1 28154U 04003A   17040.39749146  .00000064  00000-0  00000+0 0  9991
2 28154   0.0124 284.8946 0001078  73.8220 149.0482  1.00269067 47693
ABS-4 (MOBISAT-1)       
1 28184U 04007A   17040.03105135  .00000017  00000-0  00000+0 0  9991
2 28184   0.0078  38.2477 0001785 295.7932 237.4093  1.00271786 47336
EUTELSAT 7A             
1 28187U 04008A   17039.98156866  .00000024  00000-0  00000+0 0  9992
2 28187   0.0693 345.3427 0003892 319.0104 195.2391  1.00272013 47337
DIRECTV 7S              
1 28238U 04016A   17039.48288164 -.00000022  00000-0  00000+0 0  9999
2 28238   0.0472 286.3698 0002963  34.9076 232.2356  1.00272616 46816
AMC-11 (GE-11)          
1 28252U 04017A   17039.37330469  .00000047  00000-0  00000+0 0  9996
2 28252   0.0301 337.5329 0003565 352.0871 172.3978  1.00269851 46450
INTELSAT 10-02          
1 28358U 04022A   17040.29757385 -.00000036  00000-0  00000+0 0  9991
2 28358   0.0149 128.0918 0000276 156.3078 321.2700  1.00269654 46385
APSTAR 5 (TELSTAR 18)   
1 28364U 04024A   17040.47874473 -.00000018  00000-0  10000-3 0  9993
2 28364   0.0144  84.6063 0002782 238.9638 126.4676  1.00265130 46313
ANIK F2                 
1 28378U 04027A   17039.60370785 -.00000073  00000-0  00000+0 0  9997
2 28378   0.0171  39.5951 0000426 250.0451 315.4775  1.00271587 46104
AMAZONAS 1              
1 28393U 04031A   17040.12610990 -.00000271  00000-0  00000+0 0  9993
2 28393   1.4865  84.3769 0005657 240.8342 183.3447  1.00269564 45882
AMC-15                  
1 28446U 04041A   17039.64202573 -.00000112  00000-0  00000+0 0  9996
2 28446   0.0488 288.8990 0002529  22.3201 313.7603  1.00269919 45131
AMC-16                  
1 28472U 04048A   17040.09631572 -.00000230  00000-0  00000+0 0  9999
2 28472   0.0494 288.8167 0002994  30.8096 129.3853  1.00270200 44575
NSS-10 (AMC-12)         
1 28526U 05003A   17040.12716307 -.00000275  00000-0  00000+0 0  9994
2 28526   0.0646 285.4458 0003035  40.9605 181.2906  1.00270842 44078
XTAR-EUR                
1 28542U 05005A   17039.53375239  .00000128  00000-0  00000+0 0  9998
2 28542   0.0111  88.8399 0003357 238.8296  32.2747  1.00273033 43930
XM-3 (RHYTHM)           
1 28626U 05008A   17040.30950765 -.00000230  00000-0  00000+0 0  9999
2 28626   0.0014 187.6580 0000383 131.7891 206.4088  1.00271197 43823
INMARSAT 4-F1           
1 28628U 05009A   17040.24322530 -.00000284  00000-0  00000+0 0  9997
2 28628   2.8575  10.1896 0003379 312.3809  47.9812  1.00271778 43436
EXPRESS-AM2             
1 28629U 05010A   17038.72270545 -.00000289  00000-0  00000-0 0  9994
2 28629   2.0912  76.9788 0006910  30.5024  88.8014  0.99042971  6723
APSTAR 6                
1 28638U 05012A   17040.46551292 -.00000343  00000-0  00000+0 0  9991
2 28638   0.0356  92.4731 0001702 228.6280 120.1584  1.00268094 68170
SPACEWAY 1              
1 28644U 05015A   17040.31919993 -.00000127  00000-0  00000+0 0  9991
2 28644   0.0444 266.9559 0000414   8.1749 236.4152  1.00272539 43276
DIRECTV 8               
1 28659U 05019A   17039.89349952 -.00000139  00000-0  00000+0 0  9997
2 28659   0.0184  80.1647 0003506 244.2874  35.5245  1.00270340 42946
GALAXY 28 (G-28)        
1 28702U 05022A   17039.48659418 -.00000208  00000-0  00000+0 0  9993
2 28702   0.0125  91.9588 0001617 291.4458 201.5172  1.00272251 42573
EXPRESS-AM3             
1 28707U 05023A   17038.77001758 -.00000342  00000-0  00000+0 0  9997
2 28707   0.0236 167.1638 0001953 173.4728 177.5900  1.00269847 42595
THAICOM 4               
1 28786U 05028A   17040.51836941  .00000000  00000-0  10000-3 0  9999
2 28786   0.0236  78.1056 0002126 263.1854 104.5449  1.00264221 42080
GALAXY 14 (G-14)        
1 28790U 05030A   17040.32323236  .00000012  00000-0  00000+0 0  9992
2 28790   0.0044 249.6577 0002709  72.5670 168.6958  1.00271619 42063
ANIK F1R                
1 28868U 05036A   17039.58742196 -.00000097  00000-0  00000+0 0  9994
2 28868   0.0111  28.5254 0002699 316.7548 257.7309  1.00271257 41905
GALAXY 15 (G-15)        
1 28884U 05041A   17040.44835869  .00000054  00000-0  00000+0 0  9997
2 28884   0.0615 279.4909 0002156  58.3819 190.2372  1.00273792 41383
SYRACUSE 3A             
1 28885U 05041B   17040.15520058  .00000104  00000-0  00000+0 0  9993
2 28885   0.0066  70.0146 0002618 253.5859 278.7014  1.00275170 41486
INMARSAT 4-F2           
1 28899U 05044A   17039.46629262 -.00000010  00000-0  00000+0 0  9997
2 28899   2.5488  10.0855 0003181 314.1403  46.2628  1.00271964 41253
TELKOM 2                
1 28902U 05046A   17039.82131319 -.00000386  00000-0  00000+0 0  9991
2 28902   0.0305 239.3658 0001149  77.5576 235.7977  1.00268254 40999
SPACEWAY 2              
1 28903U 05046B   17039.57063446 -.00000150  00000-0  00000+0 0  9998
2 28903   0.0163 103.4715 0000606 220.2176 281.5230  1.00270118 41249
INSAT-4A                
1 28911U 05049A   17039.38407567 -.00000187  00000-0  00000+0 0  9995
2 28911   0.0610 273.3763 0006810  25.7292  60.7914  1.00270509 40840
METEOSAT-9 (MSG-2)      
1 28912U 05049B   17040.23182420  .00000038  00000-0  00000+0 0  9994
2 28912   1.9553  70.4767 0000244 145.3011  16.8226  1.00263001 40836
EUTELSAT 172A (GE-23)   
1 28924U 05052A   17040.29625112  .00000000  00000-0  10000-3 0  9991
2 28924   0.0752  48.1828 0006512 272.2585  97.7925  1.00270866 40741
ECHOSTAR 10             
1 28935U 06003A   17039.45823459 -.00000078  00000-0  00000+0 0  9991
2 28935   0.0571 280.6484 0001268  15.3878 257.4557  1.00272318 40264
HIMAWARI-7 (MTSAT-2)    
1 28937U 06004A   17039.89538281 -.00000267  00000-0  00000+0 0  9998
2 28937   0.0514 269.3965 0003760  55.5444 281.5725  1.00271932 40104
SPAINSAT                
1 28945U 06007A   17039.69712700 -.00000240  00000-0  00000+0 0  9999
2 28945   0.0613 261.1024 0004672  34.2488  64.5647  1.00269348 39988
EUTELSAT HOT BIRD 13E   
1 28946U 06007B   17039.57810815  .00000063  00000-0  00000+0 0  9995
2 28946   0.0197 163.1476 0003335 131.9873  64.7952  1.00271865 40054
JCSAT-5A                
1 29045U 06010A   17040.47490676  .00000000  00000-0  10000-3 0  9996
2 29045   0.0164  67.2827 0002088 216.8861 158.5337  1.00265150 39706
ASTRA 1KR               
1 29055U 06012A   17040.23887362  .00000095  00000-0  00000+0 0  9994
2 29055   0.0889 276.5711 0004677   7.7248 320.3638  1.00273143 39502
GOES 13                 
1 29155U 06018A   17039.82090528 -.00000275  00000-0  00000+0 0  9995
2 29155   0.3121 100.0061 0003166 304.2160 315.7675  1.00275844 39277
EUTELSAT 113 WEST A     
1 29162U 06020A   17039.92713637 -.00000061  00000-0  00000+0 0  9993
2 29162   0.0132 109.3525 0002715 225.5977  25.0005  1.00271754 39220
THAICOM 5               
1 29163U 06020B   17039.95881625 -.00000145  00000-0  00000+0 0  9993
2 29163   0.0428 275.0271 0005979  36.5908 251.2655  1.00272621 39281
GALAXY 16 (G-16)        
1 29236U 06023A   17039.57063470 -.00000150  00000-0  00000+0 0  9991
2 29236   0.0534 262.0706 0003003  64.7677 278.4110  1.00271125 39017
EUTELSAT HOT BIRD 13B   
1 29270U 06032A   17040.23235522  .00000062  00000-0  00000+0 0  9994
2 29270   0.0646   3.2834 0005958 323.9346 268.8884  1.00271802 38618
JCSAT-3A                
1 29272U 06033A   17040.47149000  .00000000  00000-0  10000-3 0  9995
2 29272   0.0136  49.0741 0001810 272.7655 115.5842  1.00264616 38523
SYRACUSE 3B             
1 29273U 06033B   17040.10880691 -.00000068  00000-0  00000+0 0  9994
2 29273   0.0129  93.2386 0005986 219.9393 220.1351  1.00271740 38504
KOREASAT 5 (MUGUNGWHA 5)
1 29349U 06034A   17039.54625089  .00000249  00000-0  10000-3 0  9998
2 29349   0.0262  87.8646 0000229 218.3801 142.2585  1.00268375 38341
ZHONGXING-22A           
1 29398U 06038A   17040.49245131  .00000000  00000-0  10000-3 0  9993
2 29398   5.5670  58.5534 0006582 237.9534 122.1326  1.00262743 38171
DIRECTV 9S              
1 29494U 06043A   17039.57826153 -.00000137  00000-0  00000+0 0  9999
2 29494   0.0185 147.7636 0003835 174.8775 283.2620  1.00271333 37852
OPTUS D1                
1 29495U 06043B   17040.33433225 -.00000135  00000-0  00000+0 0  9998
2 29495   0.0441 265.6611 0003712  52.0551 102.2196  1.00271873 37907
XM-4 (BLUES)            
1 29520U 06049A   17040.26486021 -.00000047  00000-0  00000+0 0  9999
2 29520   0.0049 122.9127 0000282 207.1531 149.5511  1.00273133 37756
BADR-4                  
1 29526U 06051A   17040.16078729  .00000121  00000-0  00000+0 0  9991
2 29526   0.0602 313.5966 0006752   6.7787 262.9494  1.00276519 37649
FENGYUN 2D              
1 29640U 06053A   17039.89152579 -.00000384  00000-0  10000-3 0  9991
2 29640   4.2153  65.0576 0004157 330.4014 188.3393  1.00273587 37311
WILDBLUE-1              
1 29643U 06054A   17039.59799666 -.00000072  00000-0  00000+0 0  9995
2 29643   0.0438 263.1596 0002064  56.6713 283.1299  1.00271541 37299
AMC-18                  
1 29644U 06054B   17039.64202446 -.00000112  00000-0  00000+0 0  9992
2 29644   0.0459 278.6976 0002871  37.4662 308.9056  1.00270840 37302
MEASAT-3                
1 29648U 06056A   17040.02837118 -.00000265  00000-0  00000+0 0  9991
2 29648   0.0296 170.7957 0000409 143.8508 286.3449  1.00270687 37317
KIKU-8 (ETS-VIII)       
1 29656U 06059A   17039.98114286  .00000000  00000-0  10000-3 0  9991
2 29656   5.3724  60.0686 0013167 212.0848 147.9798  0.98996582 37191
INSAT-4B                
1 30793U 07007A   17040.53256889 -.00000282  00000-0  00000+0 0  9996
2 30793   0.0597 269.9596 0002710 122.2200  32.8304  1.00270135 36323
SKYNET 5A               
1 30794U 07007B   17040.02016649 -.00000294  00000-0  00000+0 0  9992
2 30794   0.0681 358.6268 0003831 319.5588 283.5051  1.00270076 36402
ANIK F3                 
1 31102U 07009A   17040.20677947  .00000000  00000-0  10000-3 0  9991
2 31102   0.0044 112.1960 0002479 214.1486 128.8293  1.00267566 36088
ASTRA 1L                
1 31306U 07016A   17039.82964678  .00000096  00000-0  00000+0 0  9991
2 31306   0.0819 297.1958 0005557  12.1891 147.5505  1.00272904 35794
GALAXY 17 (G-17)        
1 31307U 07016B   17039.48659418 -.00000197  00000-0  00000+0 0  9990
2 31307   0.0361 324.1164 0003668   5.5725 253.2332  1.00269814 35823
ZHONGXING-6B            
1 31800U 07031A   17040.54004622  .00000000  00000-0  10000-3 0  9992
2 31800   0.0270  86.0781 0003674 201.7054 161.8406  1.00262410 35237
DIRECTV 10              
1 31862U 07032A   17039.89906678 -.00000126  00000-0  00000+0 0  9994
2 31862   0.0138 271.7298 0000088  26.1796  62.0897  1.00269971 35169
SPACEWAY 3              
1 32018U 07036A   17040.42012080 -.00000174  00000-0  00000+0 0  9991
2 32018   0.0137 106.7996 0000435  35.5156  53.6659  1.00257671 34888
BSAT-3A                 
1 32019U 07036B   17039.90890252  .00000000  00000-0  10000-3 0  9990
2 32019   0.0585 235.0196 0002623 138.9988 202.1202  1.00262469 34815
INSAT-4CR               
1 32050U 07037A   17033.07288295  .00000133  00000-0  00000+0 0  9998
2 32050   0.0131  98.7416 0001307 328.8360 138.7730  1.00077601 34539
OPTUS D2                
1 32252U 07044A   17038.51105416 -.00000204  00000-0  00000-0 0  9998
2 32252   0.0021 249.4865 0003935  66.4490 157.8421  1.00270927 34324
INTELSAT 11 (IS-11)     
1 32253U 07044B   17040.18796310 -.00000293  00000-0  00000+0 0  9991
2 32253   0.0520 263.1157 0003312  62.1830 198.7970  1.00270467 34283
STAR ONE C1             
1 32293U 07056A   17039.79421473 -.00000300  00000-0  00000+0 0  9997
2 32293   0.0140 108.7504 0003003 216.7154  34.5147  1.00267846 33861
SKYNET 5B               
1 32294U 07056B   17040.16473979  .00000118  00000-0  00000+0 0  9995
2 32294   0.0687 351.9691 0003918 330.2458 261.5864  1.00275418 33964
ASTRA 4A (SIRIUS 4)     
1 32299U 07057A   17040.04076063  .00000008  00000-0  00000+0 0  9999
2 32299   0.0381 299.6244 0003344  14.9987 204.1466  1.00272309 33718
HORIZONS-2              
1 32388U 07063B   17040.03507898 -.00000206  00000-0  00000+0 0  9990
2 32388   0.0194  86.8806 0003131 253.3832 256.5382  1.00271411 33633
THURAYA-3               
1 32404U 08001A   17040.31840683  .00000000  00000-0  10000-3 0  9991
2 32404   4.1113 352.4270 0004375 305.7084  54.5014  1.00264130 33163
EXPRESS-AM33            
1 32478U 08003A   17040.02911483 -.00000304  00000-0  00000+0 0  9992
2 32478   0.0324 261.2385 0000877 172.6173 172.3891  1.00270489 33379
THOR 5                  
1 32487U 08006A   17040.04076063 -.00000034  00000-0  00000+0 0  9993
2 32487   0.0456 264.6215 0002599  54.9189 193.6603  1.00272165 32937
KIZUNA (WINDS)          
1 32500U 08007A   17040.46865414  .00000000  00000-0  10000-3 0  9999
2 32500   0.5620  91.2067 0002338 230.3272 129.7782  1.00263040 32798
AMC-14                  
1 32708U 08011A   17038.77617608  .00000073  00000-0  00000-0 0  9991
2 32708  18.8803  64.8142 0035863 350.4338  20.2263  1.00273020 33901
DIRECTV 11              
1 32729U 08013A   17040.28251644 -.00000150  00000-0  00000+0 0  9995
2 32729   0.0046 241.2277 0000368  83.3881 177.4242  1.00272081 32696
ICO G1                  
1 32763U 08016A   17039.44062868 -.00000187  00000-0  00000+0 0  9990
2 32763   3.8894 353.4234 0003471 337.4363 233.6222  1.00271095 32216
VINASAT-1               
1 32767U 08018A   17040.44334476  .00000000  00000-0  10000-3 0  9993
2 32767   0.0094   0.8053 0001902  12.3668  57.9743  1.00262389 32364
STAR ONE C2             
1 32768U 08018B   17039.80803324 -.00000289  00000-0  00000+0 0  9990
2 32768   0.0688 117.1310 0001065 199.2122  43.6127  1.00272552 32307
TIANLIAN 1-01           
1 32779U 08019A   17039.95883993 -.00000164  00000-0  10000-3 0  9996
2 32779   2.5410  76.7273 0038805 227.2417 260.6889  1.00270942 32226
AMOS-3                  
1 32794U 08022A   17040.04076063 -.00000059  00000-0  00000+0 0  9999
2 32794   0.0463 261.2530 0002445  80.1320 168.5192  1.00271407 32209
GALAXY 18 (G-18)        
1 32951U 08024A   17040.22119616  .00000027  00000-0  10000-3 0  9997
2 32951   0.0270  99.6588 0003116 252.5928 103.8893  1.00271252 31848
CHINASAT 9 (ZX 9)       
1 33051U 08028A   17039.57327179 -.00000270  00000-0  00000+0 0  9990
2 33051   0.0134 123.0852 0004157 200.1819 114.1316  1.00269508 31766
SKYNET 5C               
1 33055U 08030A   17040.23922826 -.00000164  00000-0  00000+0 0  9994
2 33055   0.0610  13.8981 0003766 302.3144 251.5689  1.00273044 31656
TURKSAT 3A              
1 33056U 08030B   17039.85187017  .00000122  00000-0  00000+0 0  9999
2 33056   0.0421 122.5855 0003691 214.6331 150.5253  1.00271474 31835
INTELSAT 25 (IS-25)     
1 33153U 08034A   17039.70133623 -.00000248  00000-0  00000+0 0  9999
2 33153   0.0057 148.1604 0002984 154.0366  57.7385  1.00271076 31396
BADR-6                  
1 33154U 08034B   17040.16078729  .00000120  00000-0  00000+0 0  9995
2 33154   0.0607  45.1996 0004423 307.3502 230.7183  1.00271706 31505
ECHOSTAR 11             
1 33207U 08035A   17039.91881075 -.00000081  00000-0  00000+0 0  9999
2 33207   0.0180 269.7224 0003348  58.7214  31.5361  1.00273936 31412
SUPERBIRD-C2            
1 33274U 08038A   17040.49335063 -.00000276  00000-0  00000+0 0  9998
2 33274   0.0042  26.3226 0000956 316.6999 118.2800  1.00270966 31141
AMC-21                  
1 33275U 08038B   17040.44214313  .00000012  00000-0  00000+0 0  9995
2 33275   0.0574 286.7084 0003017  40.8831 206.3617  1.00270916 31227
INMARSAT 4-F3           
1 33278U 08039A   17040.54699178 -.00000162  00000-0  00000+0 0  9993
2 33278   3.0204   0.1892 0003014 325.5052 273.0412  1.00272028 31021
NIMIQ 4                 
1 33373U 08044A   17040.02813267  .00000000  00000-0  10000-3 0  9990
2 33373   0.0192  38.0269 0002499 286.8015 102.5329  1.00265296 30595
GALAXY 19 (G-19)        
1 33376U 08045A   17039.88279279 -.00000163  00000-0  00000+0 0  9991
2 33376   0.0095 109.1702 0003193 212.1049  38.6660  1.00271577 30599
VENESAT-1               
1 33414U 08055A   17040.18910175 -.00000262  00000-0  00000+0 0  9997
2 33414   0.0446 259.3880 0002042  51.9485 178.1674  1.00273623 30311
ASTRA 1M                
1 33436U 08057A   17040.23887362  .00000095  00000-0  00000+0 0  9993
2 33436   0.0139  86.2465 0000882 216.3026 302.0987  1.00270021 30233
CIEL-2                  
1 33453U 08063A   17039.73926375  .00000034  00000-0  00000+0 0  9993
2 33453   0.0180  82.0894 0003370 242.2141 312.0042  1.00271152 29900
EUTELSAT HOT BIRD 13C   
1 33459U 08065A   17038.58088971  .00000066  00000-0  00000-0 0  9990
2 33459   0.0447  43.9963 0003007 298.1230  17.8375  1.00271328 13122
EUTELSAT 48D            
1 33460U 08065B   17040.16129571  .00000100  00000-0  00000+0 0  9999
2 33460   0.0844 305.2166 0003003 348.7873 311.5303  1.00272341 29864
FENGYUN 2E              
1 33463U 08066A   17038.68817152 -.00000220  00000-0  00000+0 0  9990
2 33463   1.9384  65.9636 0004678 221.4153 184.8661  1.00265389 29834
EXPRESS-AM44            
1 33595U 09007A   17040.22894610 -.00000113  00000-0  00000+0 0  9990
2 33595   0.0023 219.5555 0000625 173.2194 178.1283  1.00271925 29316
NSS-9                   
1 33749U 09008A   17040.20989315  .00000047  00000-0  00000+0 0  9992
2 33749   0.0191 311.9505 0002611  16.4823  69.6813  1.00270337 29329
EUTELSAT 33E            
1 33750U 09008B   17039.97409314  .00000132  00000-0  00000+0 0  9997
2 33750   0.0636 294.1986 0004672 355.8887 232.9562  1.00277765 29350
TELSTAR 11N             
1 34111U 09009A   17040.12716307 -.00000275  00000-0  00000+0 0  9991
2 34111   0.0146  85.5002 0003088 227.4574 194.6476  1.00271142 29177
EUTELSAT 10A            
1 34710U 09016A   17040.23439876  .00000043  00000-0  00000+0 0  9991
2 34710   0.0652   5.0491 0005081 320.2574 268.5638  1.00270884 28723
SES-7 (PROTOSTAR 2)     
1 34941U 09027A   17040.53531446  .00000000  00000-0  10000-3 0  9996
2 34941   0.0238  67.8112 0003061 201.9122 170.9914  1.00264855 28381
MEASAT-3A               
1 35362U 09032A   17038.36332969 -.00000262  00000-0  00000-0 0  9994
2 35362   0.0623 250.3294 0002390  29.4148  80.1967  1.00271847 27986
GOES 14                 
1 35491U 09033A   17040.25740897  .00000000  00000-0  10000-3 0  9995
2 35491   0.0154 190.9624 0007034  54.0814 242.8926  1.00269525 27913
SIRIUS FM-5             
1 35493U 09034A   17039.48659418 -.00000223  00000-0  00000+0 0  9992
2 35493   0.0137  85.2497 0000670 240.4059 262.1164  1.00270818 27726
TERRESTAR-1             
1 35496U 09035A   17039.87248772 -.00000077  00000-0  10000-3 0  9998
2 35496   2.9951 341.9148 0003045 348.2688  12.0810  1.00269353 27916
ASIASAT 5               
1 35696U 09042A   17039.98327101  .00000000  00000-0  10000-3 0  9999
2 35696   0.0192 280.8880 0001298  15.7105 297.0771  1.00265553 27364
JCSAT-RA (JCSAT-12)     
1 35755U 09044A   17040.44120318  .00000000  00000-0  10000-3 0  9991
2 35755   0.0631  56.6324 0001129 353.3688  16.3822  1.00263028 27432
OPTUS D3                
1 35756U 09044B   17040.48299763 -.00000172  00000-0  00000+0 0  9993
2 35756   0.0432 328.6516 0004502   1.0558 139.9060  1.00271704 27399
PALAPA D                
1 35812U 09046A   17039.52663652  .00000260  00000-0  10000-3 0  9995
2 35812   0.0384  76.7190 0002073 275.8504  88.7600  1.00267708 27435
NIMIQ 5                 
1 35873U 09050A   17040.16331590 -.00000281  00000-0  00000+0 0  9991
2 35873   0.0117 248.4949 0002894  75.6077 161.4198  1.00267135 27118
AMAZONAS 2              
1 35942U 09054A   17040.18250494 -.00000307  00000-0  00000+0 0  9996
2 35942   0.0262 182.0365 0000658 124.3049 197.7782  1.00270508 26947
COMSATBW-1              
1 35943U 09054B   17039.91101414  .00000001  00000-0  00000+0 0  9993
2 35943   0.0576  94.2494 0002868 228.0824 207.7715  1.00271955 27015
NSS-12                  
1 36032U 09058A   17039.45599312  .00000048  00000-0  00000+0 0  9995
2 36032   0.0276 298.7502 0002754  27.2996  33.9326  1.00271795 26698
THOR 6                  
1 36033U 09058B   17040.03239123 -.00000034  00000-0  00000+0 0  9999
2 36033   0.0340 231.8719 0002048  83.5235 194.6987  1.00271349 26723
INTELSAT 14 (IS-14)     
1 36097U 09064A   17039.73878213 -.00000297  00000-0  00000+0 0  9991
2 36097   0.0110  92.8613 0002937 236.5329  30.5530  1.00270485 26460
EUTELSAT 36B            
1 36101U 09065A   17039.97409314  .00000131  00000-0  00000+0 0  9992
2 36101   0.0682  27.6014 0004777 296.1100 202.1169  1.00274831 26569
INTELSAT 15 (IS-15)     
1 36106U 09067A   17039.69475484 -.00000208  00000-0  00000+0 0  9995
2 36106   0.0184  86.5051 0002651 244.6108 143.1269  1.00267073 26353
DIRECTV 12              
1 36131U 09075A   17040.23004490 -.00000127  00000-0  00000+0 0  9999
2 36131   0.0430 262.9177 0000212  40.0273 176.5430  1.00271361 26148
BEIDOU G1               
1 36287U 10001A   17038.75751295 -.00000306  00000-0  10000-3 0  9992
2 36287   1.5463  12.0278 0004005 240.5643 298.1412  1.00266416 25910
RADUGA-1M 2             
1 36358U 10002A   17040.03507898 -.00000207  00000-0  00000+0 0  9999
2 36358   0.0414 253.9470 0003509  84.3759 258.5733  1.00269782 25767
SDO                     
1 36395U 10005A   17039.48833882 -.00000102  00000-0  00000+0 0  9999
2 36395  28.6266 142.7410 0001594 157.8330 271.8366  1.00268017 25783
INTELSAT 16 (IS-16)     
1 36397U 10006A   17040.30960382 -.00000309  00000-0  00000+0 0  9990
2 36397   0.0190 271.1889 0002800  71.4369 210.3171  1.00269334 25499
GOES 15                 
1 36411U 10008A   17039.98925602  .00000066  00000-0  00000+0 0  9996
2 36411   0.0677 255.3237 0000891 303.0323 161.6047  1.00270979 25441
ECHOSTAR 14             
1 36499U 10010A   17040.27532491 -.00000024  00000-0  00000+0 0  9994
2 36499   0.0234 110.4929 0002891 211.4204 157.8596  1.00271628 25298
SES-1                   
1 36516U 10016A   17039.57826153 -.00000137  00000-0  00000+0 0  9997
2 36516   0.0400 292.2747 0002207  22.6005 291.1286  1.00271537 24883
ASTRA 3B                
1 36581U 10021A   17040.04613376  .00000113  00000-0  00000+0 0  9993
2 36581   0.0412  43.0034 0002769 276.8837 219.5047  1.00270703 24409
COMSATBW-2              
1 36582U 10021B   17040.23235522  .00000063  00000-0  00000+0 0  9992
2 36582   0.0075 294.4505 0002732  40.6970 261.1669  1.00269292 24746
BEIDOU G3               
1 36590U 10024A   17040.39789800  .00000000  00000-0  10000-3 0  9990
2 36590   1.4684  32.5767 0007630 331.6800  29.0288  1.00262168 24545
BADR-5                  
1 36592U 10025A   17040.16078729  .00000120  00000-0  00000+0 0  9997
2 36592   0.0121 138.1058 0002283 144.6575 300.5091  1.00270372 24651
COMS 1                  
1 36744U 10032A   17040.43839769  .00000000  00000-0  10000-3 0  9995
2 36744   0.0254  40.1304 0001820 309.8086  75.6900  1.00261890 24408
ARABSAT-5A              
1 36745U 10032B   17040.16147847  .00000129  00000-0  00000+0 0  9992
2 36745   0.0546  27.8889 0002739 292.6812 267.4765  1.00274645 24388
ECHOSTAR 15             
1 36792U 10034A   17040.18250073 -.00000306  00000-0  00000+0 0  9992
2 36792   0.0587 285.4013 0002657  46.8316 171.2584  1.00271457 24157
NILESAT 201             
1 36830U 10037A   17040.23580953 -.00000082  00000-0  00000+0 0  9998
2 36830   0.0603 212.4343 0004055 123.1335 241.8018  1.00271721 24047
RASCOM-QAF 1R           
1 36831U 10037B   17039.60594693 -.00000005  00000-0  00000+0 0  9999
2 36831   0.0077  86.7512 0005752 218.9605  54.1994  1.00272973 24049
CHINASAT 6A (ZX 6A)     
1 37150U 10042A   17038.76358934 -.00000376  00000-0  00000-0 0  9994
2 37150   0.0436 266.2376 0002189 209.9052  61.7935  1.00271056 23648
QZS-1 (MICHIBIKI)       
1 37158U 10045A   17036.72734479 -.00000186  00000-0  00000-0 0  9990
2 37158  40.7900 161.2397 0750136 270.0428 104.1731  1.00260341 23447
XM-5                    
1 37185U 10053A   17039.90766137 -.00000229  00000-0  00000+0 0  9995
2 37185   0.0140  89.7605 0000611 260.4680  30.4753  1.00270945 23207
BSAT-3B                 
1 37207U 10056B   17040.19585700  .00000000  00000-0  10000-3 0  9992
2 37207   0.0697 305.2977 0005294  34.6499 339.7838  1.00262800 23039
BEIDOU G4               
1 37210U 10057A   17040.21097343 -.00000137  00000-0  00000+0 0  9998
2 37210   0.8444  48.8595 0006226 195.1315 131.4369  1.00270574 23047
SKYTERRA 1              
1 37218U 10061A   17039.81036670 -.00000135  00000-0  00000+0 0  9999
2 37218   3.3805 329.1644 0001079  45.8974 314.3983  1.00271520 22985
ZHONGXING-20A           
1 37234U 10064A   17039.89675442 -.00000360  00000-0  00000+0 0  9994
2 37234   0.1092 268.2747 0006555  69.0619 254.7298  1.00275390 22784
HYLAS 1                 
1 37237U 10065A   17040.36718866 -.00000258  00000-0  00000+0 0  9996
2 37237   0.0648 295.9579 0001815  23.5137 278.8239  1.00273125 22761
INTELSAT 17 (IS-17)     
1 37238U 10065B   17039.97061262 -.00000026  00000-0  00000+0 0  9996
2 37238   0.0566 261.1781 0002488  59.7456 233.7333  1.00272577 22678
EUTELSAT KA-SAT 9A      
1 37258U 10069A   17039.58915173  .00000038  00000-0  00000+0 0  9990
2 37258   0.0358 273.8851 0001841 357.7800  88.2786  1.00268402 22579
HISPASAT 1E             
1 37264U 10070A   17040.05308818 -.00000240  00000-0  00000+0 0  9991
2 37264   0.0201 126.4707 0002371 203.1165 158.8571  1.00270229 22423
KOREASAT 6              
1 37265U 10070B   17040.52173774  .00000258  00000-0  10000-3 0  9998
2 37265   0.0159  68.4784 0001492 240.4005 134.6528  1.00266363 22446
ELEKTRO-L 1 (GOMS 2)    
1 37344U 11001A   17038.10397073 -.00000213  00000-0  00000+0 0  9999
2 37344   2.1743  78.3820 0004127 260.1931 171.2879  1.00240044 22200
BEIDOU IGSO 3           
1 37384U 11013A   17039.90404022 -.00000166  00000-0  10000-3 0  9990
2 37384  57.6672  74.2764 0029512 209.8504 298.2942  1.00299403 21431
INTELSAT NEW DAWN       
1 37392U 11016A   17039.97409314  .00000132  00000-0  00000+0 0  9995
2 37392   0.0580 265.8814 0000298  18.0561 238.7322  1.00272183 21276
YAHSAT 1A               
1 37393U 11016B   17040.16033153  .00000077  00000-0  00000+0 0  9991
2 37393   0.0276 111.4333 0002111 212.8345 285.3801  1.00270304 21319
TELSTAR 14R             
1 37602U 11021A   17040.19496160 -.00000304  00000-0  00000+0 0  9998
2 37602   0.0599 286.7496 0002357  29.9065 189.9590  1.00269901 21544
GSAT-8                  
1 37605U 11022A   17040.15646571  .00000061  00000-0  00000+0 0  9990
2 37605   0.0170 283.4711 0008003   0.5811 326.8050  1.00269579 20996
ST-2                    
1 37606U 11022B   17040.03557802 -.00000235  00000-0  00000+0 0  9990
2 37606   0.0129  98.8825 0002007 230.9961 270.2255  1.00272160 21000
CHINASAT 10 (ZX 10)     
1 37677U 11026A   17039.57291152  .00000000  00000-0  10000-3 0  9996
2 37677   0.0232 101.7028 0003541 166.2153 187.6584  1.00268007 20729
TIANLIAN 1-02           
1 37737U 11032A   17039.74534014  .00000005  00000-0  00000+0 0  9996
2 37737   2.3321  78.1323 0009866 202.8902 303.1488  1.00269849 20475
GSAT-12                 
1 37746U 11034A   17040.02874964 -.00000188  00000-0  00000+0 0  9995
2 37746   0.1049 268.4389 0003764 213.6019 110.5885  1.00271180 20713
SES-3                   
1 37748U 11035A   17039.60473508 -.00000125  00000-0  00000+0 0  9990
2 37748   0.0610 282.9963 0002955  26.1712 304.4018  1.00271642 20440
KAZSAT-2                
1 37749U 11035B   17038.68658177 -.00000218  00000-0  00000-0 0  9999
2 37749   0.0511 263.9768 0000803  78.7981 128.8315  1.00269145 19142
ASTRA 1N                
1 37775U 11041A   17040.23887362  .00000095  00000-0  00000+0 0  9990
2 37775   0.0505   7.0611 0004371 352.3126 245.2862  1.00271340 20158
BSAT-3C (JCSAT-110R)    
1 37776U 11041B   17039.89731351 -.00000374  00000-0  00000+0 0  9998
2 37776   0.0121 261.1028 0000889 120.0506 191.0245  1.00267201 20277
PAKSAT-1R               
1 37779U 11042A   17039.85187017  .00000130  00000-0  00000+0 0  9991
2 37779   0.0180 167.0244 0003971 149.0049 167.7437  1.00272753 20032
CHINASAT 1A (ZX 1A)     
1 37804U 11047A   17038.47429620 -.00000359  00000-0  00000+0 0  9995
2 37804   0.0359 197.2336 0002286 132.4259 108.6444  1.00267925 19825
COSMOS 2473             
1 37806U 11048A   17039.65155374 -.00000132  00000-0  00000+0 0  9990
2 37806   0.0466 112.2067 0003507 238.6680   9.0834  1.00270930 19825
SES-2                   
1 37809U 11049A   17039.48659418 -.00000219  00000-0  00000+0 0  9999
2 37809   0.0623 282.1435 0002767  25.6686 279.1058  1.00271109 19766
ARABSAT-5C              
1 37810U 11049B   17040.23887362  .00000099  00000-0  00000+0 0  9992
2 37810   0.0624  14.5580 0002665 310.0755 280.8329  1.00272719 19669
EUTELSAT 7 WEST A       
1 37816U 11051A   17039.63430974 -.00000084  00000-0  00000+0 0  9991
2 37816   0.0639  31.8769 0003559 238.2864  89.7607  1.00271570 19723
QUETZSAT 1              
1 37826U 11054A   17040.31289218 -.00000266  00000-0  00000+0 0  9997
2 37826   0.0269 344.2359 0002925 340.7325 210.2302  1.00272127 19852
INTELSAT 18 (IS-18)     
1 37834U 11056A   17040.35237619  .00000000  00000-0  10000-3 0  9990
2 37834   0.0105  72.2880 0002763 274.9465  99.2219  1.00269442 19612
EUTELSAT 16A            
1 37836U 11057A   17039.98051622  .00000079  00000-0  00000+0 0  9999
2 37836   0.0652   8.9210 0004487 314.6474 184.6402  1.00271327 19541
VIASAT-1                
1 37843U 11059A   17040.38881351 -.00000048  00000-0  00000+0 0  9992
2 37843   0.0146  87.4694 0002626 227.9626 209.0608  1.00269674 20031
ASIASAT 7               
1 37933U 11069A   17040.56296708  .00000000  00000-0  10000-3 0  9991
2 37933   0.0079  70.3493 0001386 234.7342 142.9059  1.00268721 19212
LUCH 5A                 
1 37951U 11074B   17040.23485185 -.00000071  00000-0  00000+0 0  9994
2 37951   1.5643 193.7127 0004608 115.5361  81.7219  1.00272856 18947
NIGCOMSAT 1R            
1 38014U 11077A   17039.85187017  .00000121  00000-0  00000+0 0  9992
2 38014   0.0190 300.6649 0001731 346.5206 201.1217  1.00272411 18780
FENGYUN 2F              
1 38049U 12002A   17040.51796611  .00000000  00000-0  10000-3 0  9991
2 38049   1.4566  77.9467 0000888 201.5661 158.7139  1.00263131 18654
SES-4                   
1 38087U 12007A   17040.12159056 -.00000193  00000-0  00000+0 0  9990
2 38087   0.0208  11.1469 0002412 319.3354 190.6603  1.00271692 18245
BEIDOU G5               
1 38091U 12008A   17039.76793112  .00000031  00000-0  00000+0 0  9991
2 38091   2.0049  54.2491 0004344 230.9834 189.0465  1.00276079 18236
INTELSAT 22 (IS-22)     
1 38098U 12011A   17038.41708632 -.00000079  00000-0  00000+0 0  9999
2 38098   0.0216  11.7446 0002374 314.0958  34.1121  1.00272272 17797
APSTAR 7                
1 38107U 12013A   17039.97129970 -.00000125  00000-0  00000+0 0  9998
2 38107   0.0311  83.1522 0002596 236.4081 245.8392  1.00271636 17921
YAHSAT 1B               
1 38245U 12016A   17039.48228301  .00000104  00000-0  00000+0 0  9994
2 38245   0.0201 110.8600 0002048 219.4397  29.6887  1.00269244 17671
JCSAT-13                
1 38331U 12023A   17040.52688867  .00000000  00000-0  10000-3 0  9992
2 38331   0.0043  92.7639 0002147 253.0631 107.6091  1.00265582 17334
VINASAT-2               
1 38332U 12023B   17040.48673603  .00000000  00000-0  10000-3 0  9990
2 38332   0.0047  51.0580 0002501 302.3073  93.3923  1.00264113 17372
NIMIQ 6                 
1 38342U 12026A   17039.86646167 -.00000197  00000-0  00000+0 0  9992
2 38342   0.0072 335.1171 0002881 344.7885  40.0372  1.00271778 17355
CHINASAT 2A (ZX 2A)     
1 38352U 12028A   17039.78311914 -.00000317  00000-0  00000+0 0  9999
2 38352   0.0351 173.8585 0005551 156.6665 188.6924  1.00273510 17397
INTELSAT 19 (IS-19)     
1 38356U 12030A   17040.15147399 -.00000081  00000-0  00000+0 0  9991
2 38356   0.0148 345.4984 0002790 338.3091  36.1371  1.00272574 17278
ECHOSTAR 17             
1 38551U 12035A   17038.91354066 -.00000097  00000-0  00000+0 0  9992
2 38551   0.0131  92.4704 0001964 222.7090  44.7711  1.00271424 16874
METEOSAT-10 (MSG-3)     
1 38552U 12035B   17039.61354475 -.00000028  00000-0  00000+0 0  9999
2 38552   0.6855  44.3672 0001154 214.2263 101.3593  1.00263715 16976
SES-5                   
1 38652U 12036A   17040.04076063  .00000009  00000-0  00000+0 0  9992
2 38652   0.0476 261.9938 0002296  46.3481 210.6041  1.00271699 16822
TIANLIAN 1-03           
1 38730U 12040A   17040.33126721  .00000000  00000-0  10000-3 0  9999
2 38730   0.1773 269.7582 0000899  39.6800 319.9345  1.00268723 16743
INTELSAT 20 (IS-20)     
1 38740U 12043A   17038.42711825 -.00000044  00000-0  00000+0 0  9999
2 38740   0.0189 110.9470 0001160  65.5855 183.4362  1.00269291 16572
HYLAS 2                 
1 38741U 12043B   17039.52812800  .00000131  00000-0  00000+0 0  9993
2 38741   0.0184 273.4880 0001869  57.3184  29.1832  1.00269498 16609
INTELSAT 21 (IS-21)     
1 38749U 12045A   17038.77750128 -.00000306  00000-0  00000+0 0  9998
2 38749   0.0106 106.5014 0002394 206.9575  46.5212  1.00269263 16386
ASTRA 2F                
1 38778U 12051A   17039.53598121  .00000126  00000-0  00000+0 0  9994
2 38778   0.0959 251.8612 0003420   8.9451  99.1198  1.00270447 16042
GSAT-10                 
1 38779U 12051B   17039.38413424 -.00000187  00000-0  00000+0 0  9998
2 38779   0.0830 269.5394 0001399  32.2351  58.1770  1.00270960 16047
INTELSAT 23 (IS-23)     
1 38867U 12057A   17039.76090213 -.00000308  00000-0  00000+0 0  9996
2 38867   0.0609 266.7569 0002150  48.6904  44.4997  1.00272293 15862
BEIDOU G6               
1 38953U 12059A   17040.03507898 -.00000200  00000-0  10000-3 0  9994
2 38953   1.3934  79.9319 0005796 183.3412 332.7170  1.00271469 15804
LUCH 5B                 
1 38977U 12061A   17040.17747640 -.00000156  00000-0  00000+0 0  9994
2 38977   3.2863  75.4792 0003420 233.9700 237.6239  1.00270644 15939
YAMAL 300K              
1 38978U 12061B   17040.42845833  .00000000  00000-0  10000-3 0  9998
2 38978   0.0323 134.0686 0000377  71.0096 271.8105  1.00270272 15633
STAR ONE C3             
1 38991U 12062A   17038.53518750 -.00000269  00000-0  00000-0 0  9992
2 38991   0.0500  97.3657 0003076 215.9251 302.1909  1.00270708 15594
EUTELSAT 21B            
1 38992U 12062B   17039.55431204  .00000106  00000-0  00000+0 0  9992
2 38992   0.0653  14.7749 0002151 313.4100  31.7670  1.00271170 15627
ECHOSTAR 16             
1 39008U 12065A   17039.78448175 -.00000306  00000-0  00000+0 0  9997
2 39008   0.0120 101.1857 0002028 220.3136  38.4505  1.00270418 15562
CHINASAT 12 (ZX 12)     
1 39017U 12067A   17039.79156931 -.00000230  00000-0  00000+0 0  9992
2 39017   0.0134  89.9859 0003036 226.1719 195.3535  1.00272049 15460
EUTELSAT 70B            
1 39020U 12069A   17040.45556597  .00000000  00000-0  10000-3 0  9994
2 39020   0.0594 351.2700 0003204 291.9436  90.9838  1.00269574 15372
YAMAL 402               
1 39022U 12070A   17039.90489093  .00000062  00000-0  10000-3 0  9990
2 39022   0.0150 110.6593 0002838 225.4936 183.6537  1.00272459 15358
SKYNET 5D               
1 39034U 12075A   17040.16033153  .00000075  00000-0  00000+0 0  9999
2 39034   0.0703   8.4262 0004249 310.2065 291.2128  1.00271070 15277
MEXSAT 3                
1 39035U 12075B   17039.93210964 -.00000049  00000-0  00000+0 0  9992
2 39035   0.0553 258.5644 0002187  35.9644  65.4124  1.00271163 15232
TDRS 11                 
1 39070U 13004A   17040.00224174  .00000076  00000-0  00000+0 0  9991
2 39070   5.5575 328.7884 0011771 298.3323  61.7046  1.00269966 14744
AMAZONAS 3              
1 39078U 13006A   17039.78299374 -.00000306  00000-0  00000+0 0  9995
2 39078   0.0518 251.2941 0003528  26.0907  82.5394  1.00271775 14724
AZERSPACE 1             
1 39079U 13006B   17039.48673053  .00000110  00000-0  00000+0 0  9995
2 39079   0.0066 106.5430 0002565 228.2677  25.1768  1.00269616 14682
EUTELSAT 117 WEST A     
1 39122U 13012A   17039.93767038 -.00000037  00000-0  00000+0 0  9997
2 39122   0.0277 262.7214 0002529  64.1567  33.0700  1.00271851 14223
ANIK G1                 
1 39127U 13014A   17039.91132991 -.00000098  00000-0  00000+0 0  9993
2 39127   0.0025 162.0299 0003196 137.5061  60.4321  1.00269840 14014
CHINASAT 11 (ZX 11)     
1 39157U 13020A   17040.02755431 -.00000314  00000-0  00000+0 0  9998
2 39157   0.0271 114.4626 0003043 178.2460 314.4813  1.00268111 13906
EUTELSAT 7B             
1 39163U 13022A   17039.59475154  .00000024  00000-0  00000+0 0  9995
2 39163   0.0454 353.5282 0005697 349.2204  17.1966  1.00271566 13750
SES-6                   
1 39172U 13026A   17040.18640303 -.00000286  00000-0  00000+0 0  9997
2 39172   0.0198  26.4240 0002187 282.3534 217.2516  1.00270432 13484
IRNSS-1A                
1 39199U 13034A   17038.78929162  .00000061  00000-0  00000-0 0  9992
2 39199  28.6106 117.2870 0021822 185.6975 174.2773  1.00276277 13117
ALPHASAT                
1 39215U 13038A   17039.63135598  .00000115  00000-0  00000+0 0  9991
2 39215   1.5859  30.3719 0002243 285.3296  75.3054  1.00269299 13027
INSAT-3D                
1 39216U 13038B   17040.38397508 -.00000180  00000-0  00000+0 0  9990
2 39216   0.0123 233.2198 0002149  83.3065  43.4568  1.00269970 13062
EUTELSAT 25B            
1 39233U 13044A   17039.54349742  .00000120  00000-0  00000+0 0  9992
2 39233   0.0498 359.6232 0002024 315.6392  44.6862  1.00269151 12659
GSAT-7                  
1 39234U 13044B   17038.41151152 -.00000097  00000-0  00000+0 0  9998
2 39234   0.0628 266.3700 0013216  18.3551  75.0960  1.00271568 12649
AMOS-4                  
1 39237U 13045A   17039.43399528 -.00000016  00000-0  00000+0 0  9997
2 39237   0.0669 261.6893 0002603  53.7597  44.4949  1.00271922 12640
ASTRA 2E                
1 39285U 13056A   17038.53787173  .00000130  00000-0  00000-0 0  9996
2 39285   0.0543  19.4619 0002386 298.4231  42.0642  1.00275194 12212
SIRIUS FM-6             
1 39360U 13058A   17039.93589493 -.00000041  00000-0  00000+0 0  9993
2 39360   0.0249  81.2120 0000366  44.9633 233.7922  1.00272535 12103
RADUGA-1M 3             
1 39375U 13062A   17039.82039141 -.00000062  00000-0  00000+0 0  9995
2 39375   0.0231 185.4053 0002403 141.1128 177.9026  1.00272160 11887
SES-8                   
1 39460U 13071A   17040.09458148  .00000000  00000-0  10000-3 0  9999
2 39460   0.0472 269.8964 0001542  68.1435 290.3463  1.00265738 11629
INMARSAT 5-F1           
1 39476U 13073A   17038.13281000  .00000009  00000-0  00000+0 0  9995
2 39476   0.0146  86.6032 0000345 234.9478 286.2514  1.00271601 11666
TKSAT-1 (TUPAC KATARI)  
1 39481U 13075A   17039.48659418 -.00000218  00000-0  00000+0 0  9997
2 39481   0.0133 122.4654 0003550 190.8941 273.3605  1.00271628 11592
EXPRESS-AM5             
1 39487U 13077A   17038.75751295 -.00000302  00000-0  00000+0 0  9994
2 39487   0.0428 254.2867 0000642 154.8622 141.6086  1.00270686 12112
GSAT-14                 
1 39498U 14001A   17038.41133915 -.00000098  00000-0  00000-0 0  9993
2 39498   0.0513  99.2945 0009881 187.5883  72.9765  1.00272435 11178
THAICOM 6               
1 39500U 14002A   17039.95881625 -.00000144  00000-0  00000+0 0  9997
2 39500   0.0433 136.9658 0000936 175.3200 250.5696  1.00271152 11276
TDRS 12                 
1 39504U 14004A   17039.66284259 -.00000286  00000-0  00000+0 0  9998
2 39504   6.1119 336.2503 0004491 336.2216  23.8961  1.00263861 11204
ABS-2                   
1 39508U 14006A   17040.38395098  .00001857  00000-0  10000-3 0  9998
2 39508   0.0325 306.9205 0003832  25.5250  20.1788  1.00268508 11094
ATHENA-FIDUS            
1 39509U 14006B   17039.50941990  .00000131  00000-0  00000+0 0  9998
2 39509   0.0135  83.7082 0001493 245.3887  30.8592  1.00273807 11253
TURKSAT 4A              
1 39522U 14007A   17038.50045189  .00000125  00000-0  00000-0 0  9992
2 39522   0.0823 273.4651 0004926  24.0375  62.4147  1.00274103 10740
EXPRESS-AT1             
1 39612U 14010A   17038.98123980  .00000057  00000-0  00000+0 0  9997
2 39612   0.0370 258.6381 0000147  80.4670 208.3906  1.00271823 10792
EXPRESS-AT2             
1 39613U 14010B   17039.89781190 -.00000306  00000-0  00000+0 0  9990
2 39613   0.0426 262.3616 0000144 124.5630 215.2785  1.00270793 10631
AMAZONAS 4A             
1 39616U 14011A   17039.78300626 -.00000306  00000-0  00000+0 0  9993
2 39616   0.0688  75.7040 0004252 268.8405  15.4067  1.00268852 10622
ASTRA 5B                
1 39617U 14011B   17039.98173295  .00000131  00000-0  00000+0 0  9991
2 39617   0.0550 302.0208 0002893  16.9234 205.2125  1.00273156 10621
IRNSS-1B                
1 39635U 14017A   17038.28977737  .00000072  00000-0  00000-0 0  9997
2 39635  29.3253 296.9389 0016505 180.3690 179.6882  1.00268934 10333
LUCH 5V                 
1 39727U 14023A   17040.02821708 -.00000290  00000-0  00000+0 0  9999
2 39727   2.9547 299.2411 0003726  27.6297 277.2950  1.00271862528279
KAZSAT 3                
1 39728U 14023B   17039.45208285  .00000038  00000-0  00000+0 0  9993
2 39728   0.0125  86.6702 0000725 229.5249  43.7642  1.00272722 10195
EUTELSAT 3B             
1 39773U 14030A   17040.04076063 -.00000005  00000-0  00000+0 0  9990
2 39773   0.0623  14.7137 0003188 297.8631 204.4677  1.00271535  9970
ASIASAT 8               
1 40107U 14046A   17039.52697970  .00000060  00000-0  00000+0 0  9997
2 40107   0.0702  90.3208 0000747 272.8649 356.7795  0.99582477  9250
ASIASAT 6               
1 40141U 14052A   17040.15267287  .00000000  00000-0  10000-3 0  9996
2 40141   0.0184 254.7198 0001184  10.5647  48.9086  1.00262846  8303
OPTUS 10                
1 40146U 14054A   17039.61645506 -.00000098  00000-0  00000+0 0  9999
2 40146   0.0138 116.0553 0001760 190.7403 218.0033  1.00271877  8871
MEASAT-3B               
1 40147U 14054B   17038.36334958 -.00000262  00000-0  00000+0 0  9990
2 40147   0.0368 325.8679 0002223   2.5196  31.5671  1.00272131  8915
LUCH (OLYMP)            
1 40258U 14058A   17038.96379189  .00000045  00000-0  00000-0 0  9997
2 40258   0.0145 162.8086 0001612 143.0111 189.2412  1.00270325  8682
HIMAWARI-8              
1 40267U 14060A   17040.49348139  .00000000  00000-0  10000-3 0  9997
2 40267   0.0130 106.3133 0001126 239.6573 112.0160  1.00263988  8610
IRNSS-1C                
1 40269U 14061A   17039.09022702 -.00000184  00000-0  00000+0 0  9998
2 40269   3.2693 253.9254 0021196   6.9684 352.9932  1.00273323  8561
INTELSAT 30 (IS-30)     
1 40271U 14062A   17040.17972029 -.00000175  00000-0  00000+0 0  9999
2 40271   0.0115  85.8354 0001569  12.3608  10.8693  1.00272671  8525
ARSAT 1                 
1 40272U 14062B   17040.22688142 -.00000284  00000-0  00000+0 0  9997
2 40272   0.0573 263.6121 0001339  46.4624 199.2722  1.00272915  8642
EXPRESS-AM6             
1 40277U 14064A   17040.16033153  .00000073  00000-0  00000+0 0  9998
2 40277   0.0493 268.6771 0000301 126.5207 214.9245  1.00274069  8422
GSAT-16                 
1 40332U 14078A   17039.46179487  .00000062  00000-0  00000+0 0  9995
2 40332   0.0699 279.0099 0002749 156.5968 284.3888  1.00271311  8012
DIRECTV 14              
1 40333U 14078B   17040.35395628 -.00000150  00000-0  00000+0 0  9992
2 40333   0.0186  92.5595 0001121 233.8715 201.3524  1.00270633  8006
YAMAL 401               
1 40345U 14082A   17039.90543885 -.00000251  00000-0  00000+0 0  9991
2 40345   0.0410 135.8345 0000500 269.7751 149.4161  1.00269783  8161
ASTRA 2G                
1 40364U 14089A   17039.53604631  .00000127  00000-0  00000+0 0  9996
2 40364   0.0610 300.6624 0003290  74.2574 345.0546  1.00274681  7777
FENGYUN 2G              
1 40367U 14090A   17038.96645575 -.00000351  00000-0  00000+0 0  9999
2 40367   0.6998 264.7713 0001632 292.4329  33.6897  1.00268147  7784
INMARSAT 5-F2           
1 40384U 15005A   17040.43277161 -.00000310  00000-0  00000+0 0  9997
2 40384   0.0164  92.4744 0000675 214.6926 293.3240  1.00271099  7436
ABS-3A                  
1 40424U 15010A   17038.62508164 -.00000048  00000-0  00000-0 0  9995
2 40424   0.0181  85.2735 0001835 149.8614 124.8152  1.00271160  7161
EUTELSAT 115 WEST B     
1 40425U 15010B   17039.93244285 -.00000049  00000-0  00000+0 0  9992
2 40425   0.0207 243.2945 0000170 152.3228 324.3479  1.00272515  7198
EXPRESS-AM7             
1 40505U 15012A   17039.85187017  .00000127  00000-0  00000+0 0  9999
2 40505   0.0061  74.3710 0002495 213.0669 198.3114  1.00270960  7113
IRNSS-1D                
1 40547U 15018A   17039.13064141 -.00000308  00000-0  00000+0 0  9996
2 40547  29.3139 297.0642 0016993 183.7216 176.3269  1.00266717  6993
BEIDOU I1-S             
1 40549U 15019A   17038.75445906 -.00000202  00000-0  00000-0 0  9992
2 40549  54.5181 335.2491 0039364 184.6601 345.4273  1.00267668  6826
THOR 7                  
1 40613U 15022A   17039.61592846 -.00000032  00000-0  00000+0 0  9990
2 40613   0.0145 154.2628 0003022 167.9102  37.7704  1.00272203  6570
TURKMENALEM52E/MONACOSAT
1 40617U 15023A   17038.47276933  .00000084  00000-0  00000+0 0  9990
2 40617   0.0087  71.8218 0002944 245.4238  42.6991  1.00270665  6586
DIRECTV 15              
1 40663U 15026A   17040.15246102  .00000000  00000-0  10000-3 0  9990
2 40663   0.0477  91.3474 0000198 351.4461   8.7337  1.00268416  6304
SKY MEXICO-1            
1 40664U 15026B   17040.10161605  .00000000  00000-0  10000-3 0  9990
2 40664   0.0333 100.9711 0002250 239.6038 116.5206  1.00264673  6297
METEOSAT-11 (MSG-4)     
1 40732U 15034A   17039.31246372 -.00000052  00000-0  00000+0 0  9994
2 40732   2.0553 247.6153 0001747  57.3828 302.4235  1.00274877  5799
STAR ONE C4             
1 40733U 15034B   17039.80803893 -.00000289  00000-0  00000+0 0  9998
2 40733   0.0592  74.6695 0002791 264.2591  21.0240  1.00271456  5796
INTELSAT 34 (IS-34)     
1 40874U 15039A   17038.77061871 -.00000307  00000-0  00000+0 0  9997
2 40874   0.0155  93.8025 0001063 134.4107 131.7777  1.00269937  5424
EUTELSAT 8 WEST B       
1 40875U 15039B   17039.63623019 -.00000089  00000-0  00000+0 0  9999
2 40875   0.0678  27.6790 0004189 290.5746  41.6791  1.00272184  5449
GSAT-6                  
1 40880U 15041A   17038.38664142 -.00000185  00000-0  00000-0 0  9999
2 40880   0.1363 269.0704 0009721  12.5912  78.1969  1.00272294  5374
INMARSAT 5-F3           
1 40882U 15042A   17040.11390938  .00000026  00000-0  00000+0 0  9997
2 40882   0.0127  91.5147 0000300 310.0435 318.4077  1.00272631  5311
TJS-1                   
1 40892U 15046A   17038.72270545 -.00000177  00000-0  00000-0 0  9996
2 40892   0.0566 244.3047 0007526  97.6660 211.2654  1.00271435  5290
EXPRESS-AM8             
1 40895U 15048A   17038.95186946 -.00000134  00000-0  00000+0 0  9999
2 40895   0.0329 259.9786 0000215 207.6668 359.2437  1.00271485  5120
BEIDOU I2-S             
1 40938U 15053A   17038.21399683 -.00000147  00000-0  00000+0 0  9990
2 40938  54.3812 298.1427 0046110 173.0707 199.4044  1.00279812  5106
SKY MUSTER (NBN1A)      
1 40940U 15054A   17039.22566754 -.00000302  00000-0  00000+0 0  9994
2 40940   0.0150  98.6405 0002084 216.2349  45.1077  1.00268467  5034
ARSAT 2                 
1 40941U 15054B   17039.83852773 -.00000249  00000-0  00000+0 0  9991
2 40941   0.0530 266.2628 0001519  48.1044  45.5845  1.00272915  5077
MORELOS 3               
1 40946U 15056A   17039.84491706 -.00000059  00000-0  00000+0 0  9993
2 40946   6.5827 330.0506 0003275 358.1251   1.9982  1.00269212  5043
APSTAR 9                
1 40982U 15059A   17040.21794604 -.00000290  00000-0  00000+0 0  9999
2 40982   0.0338 224.9878 0002141  54.6794  80.2720  1.00271541  4916
TURKSAT 4B              
1 40984U 15060A   17039.70123824  .00000000  00000-0  10000-3 0  9998
2 40984   0.0101  61.9746 0002064 267.0377 112.3908  1.00270907  4875
CHINASAT 2C (ZX 2C)     
1 41021U 15063A   17040.03574203 -.00000348  00000-0  00000+0 0  9994
2 41021   0.0643 266.6996 0003720  90.5064 258.3798  1.00273973  4764
GSAT-15                 
1 41028U 15065A   17040.10285075  .00000000  00000-0  10000-3 0  9996
2 41028   0.0701 270.3874 0001775   1.3006 358.1695  1.00265933  4433
BADR-7 (ARABSAT-6B)     
1 41029U 15065B   17038.54470095  .00000124  00000-0  00000-0 0  9993
2 41029   0.0601 262.2851 0004341   8.1807  89.4519  1.00274945  4492
LAOSAT 1                
1 41034U 15067A   17040.15131063  .00000000  00000-0  10000-3 0  9997
2 41034   0.0197 255.8926 0000192  72.0257 354.3845  1.00263637  4603
TELSTAR 12V             
1 41036U 15068A   17039.65564693 -.00000143  00000-0  00000+0 0  9996
2 41036   0.0128  96.0900 0002760 219.9222  43.9304  1.00271623  4484
CHINASAT 1C (ZX 1C)     
1 41103U 15073A   17039.77390809 -.00000174  00000-0  00000+0 0  9990
2 41103   0.0392 249.7695 0004754  46.6908 202.7366  1.00270545  4420
ELEKTRO-L 2             
1 41105U 15074A   17039.78876779 -.00000121  00000-0  00000+0 0  9991
2 41105   0.0707 111.0827 0000821 271.3859 116.5715  1.00272954  4272
COSMOS 2513             
1 41121U 15075A   17040.02892766 -.00000162  00000-0  00000+0 0  9998
2 41121   0.0709 102.9446 0003041 215.3997 271.5811  1.00270794  4354
EXPRESS-AMU1            
1 41191U 15082A   17039.81436623  .00000132  00000-0  00000+0 0  9990
2 41191   0.0180  96.4488 0001975 196.7807 175.1105  1.00273991  4260
GAOFEN 4                
1 41194U 15083A   17039.61065806  .00000000  00000-0  10000-3 0  9992
2 41194   0.0683 109.3285 0002805 142.6701 212.4158  1.00267699  4245
BELINTERSAT-1           
1 41238U 16001A   17038.79011184  .00000085  00000-0  10000-3 0  9993
2 41238   0.0253 328.1994 0001364 303.2296 202.5670  1.00273771  4021
IRNSS-1E                
1 41241U 16003A   17038.63124678 -.00000322  00000-0  00000+0 0  9995
2 41241  28.5799 116.9515 0021311 182.0725 177.9185  1.00275406  3933
INTELSAT 29E (IS-29E)   
1 41308U 16004A   17039.75264812 -.00000306  00000-0  00000+0 0  9991
2 41308   0.0564 274.2770 0001616  29.3897  56.2822  1.00272881  3911
EUTELSAT 9B             
1 41310U 16005A   17038.59189653  .00000040  00000-0  00000-0 0  9990
2 41310   0.0316 129.9034 0005354 187.1271  42.8948  1.00270869  3868
SES-9                   
1 41380U 16013A   17040.20119745  .00000000  00000-0  10000-3 0  9992
2 41380   0.0366 291.6209 0002991 109.4677 279.0539  1.00264084  3516
EUTELSAT 65 WEST A      
1 41382U 16014A   17039.79479456 -.00000300  00000-0  00000+0 0  9994
2 41382   0.0500 358.0170 0002070 323.9851  37.9476  1.00269543  3402
IRNSS-1F                
1 41384U 16015A   17038.27266852  .00000140  00000-0  00000-0 0  9995
2 41384   4.4265 268.0979 0017922 173.0122 187.0569  1.00273188  3437
BEIDOU IGSO 6           
1 41434U 16021A   17040.55741961  .00000000  00000-0  10000-3 0  9990
2 41434  55.3673  73.8015 0026904 186.0666 174.0055  1.00255707  3254
IRNSS-1G                
1 41469U 16027A   17040.00171287 -.00000359  00000-0  00000+0 0  9995
2 41469   4.4974 269.3290 0002551   6.9817 353.0435  1.00265746  2959
JCSAT 2B                
1 41471U 16028A   17039.18751010 -.00000187  00000-0  00000+0 0  9993
2 41471   0.0206  99.9616 0001954 197.4509  62.5676  1.00273070  2836
THAICOM 8               
1 41552U 16031A   17038.39940001 -.00000141  00000-0  00000+0 0  9999
2 41552   0.0604  54.0589 0004608 289.0525  16.8411  1.00271955  2529
INTELSAT 31 (IS-31)     
1 41581U 16035A   17039.87743427 -.00000174  00000-0  00000+0 0  9998
2 41581   0.0312 228.1779 0002391 343.1968 148.5753  1.00270784  2466
BEIDOU G7               
1 41586U 16037A   17039.08459101 -.00000268  00000-0  00000+0 0  9995
2 41586   1.4472 312.7772 0003374 317.1164  43.4762  1.00271087  2546
ABS-2A                  
1 41588U 16038A   17039.96294124 -.00000107  00000-0  00000+0 0  9999
2 41588   0.0099 123.1875 0000628 182.8093 254.5750  1.00270652  2474
EUTELSAT 117 WEST B     
1 41589U 16038B   17039.93828733 -.00000035  00000-0  00000+0 0  9996
2 41589   0.0074  41.0969 0000497  52.9615 265.9112  1.00270742  2479
BRISAT                  
1 41591U 16039A   17040.41090617  .00000000  00000-0  10000-3 0  9993
2 41591   0.0061 349.2853 0002008 344.0487 104.6776  1.00265057    55
ECHOSTAR 18             
1 41592U 16039B   17039.78403283 -.00000306  00000-0  00000+0 0  9994
2 41592   0.0093 118.9729 0002376 193.6891  47.3180  1.00268946  2389
TIANTONG-1 1            
1 41725U 16048A   17039.59809294 -.00000333  00000-0  00000+0 0  9993
2 41725   4.7626 325.1778 0006365   5.9532 124.4382  1.00268281  2029
JCSAT-16                
1 41729U 16050A   17040.16246261 -.00000117  00000-0  00000+0 0  9994
2 41729   0.0209 106.1946 0002365 212.1158  41.6716  1.00270184  1839
INTELSAT 36 (IS-36)     
1 41747U 16053A   17039.42436707 -.00000047  00000-0  00000+0 0  9992
2 41747   0.0080  57.8185 0003407 282.9364  19.1972  1.00271232  1722
INTELSAT 33E (IS-33E)   
1 41748U 16053B   17038.45061847  .00000029  00000-0  00000+0 0  9993
2 41748   0.0107  77.8032 0002257 236.8809  45.2652  1.00269775  1959
INSAT-3DR               
1 41752U 16054A   17039.40865557 -.00000100  00000-0  00000+0 0  9996
2 41752   0.1063 266.0071 0015661  12.4443  81.3360  1.00272665  1551
GSAT-18                 
1 41793U 16060A   17038.41205247 -.00000097  00000-0  00000+0 0  9997
2 41793   0.0870 265.0787 0003833 186.6305 268.3025  1.00271243  1289
SKY MUSTER 2            
1 41794U 16060B   17040.21028176 -.00000269  00000-0  00000+0 0  9994
2 41794   0.0145 100.9781 0001936 215.4869  43.5198  1.00268865  1330
HIMAWARI-9              
1 41836U 16064A   17040.45069856 -.00000202  00000-0  10000-3 0  9993
2 41836   0.0116  61.0474 0001342 300.0603  81.6334  1.00264483  1066
SHIJIAN-17 (SJ-17)      
1 41838U 16065A   17038.74648932 -.00000105  00000-0  00000-0 0  9991
2 41838   0.9583  86.9204 0007007 335.3124 147.5907  1.00271045   974
GOES 16                 
1 41866U 16071A   17039.86207345 -.00000206  00000-0  00000+0 0  9993
2 41866   0.0049 110.6478 0001788 241.1214   8.2279  1.00269240   862
TIANLIAN 1-04           
1 41869U 16072A   17040.20740426  .00000000  00000-0  10000-3 0  9995
2 41869   2.9178 290.8519 0003386 107.4300 252.7871  1.00267128  1073
FENGYUN 4A              
1 41882U 16077A   17040.02001613 -.00000325  00000-0  00000+0 0  9999
2 41882   0.2736 271.9693 0002787 201.6574 132.3457  1.00271725   739
ECHOSTAR 19             
1 41893U 16079A   17040.10744753  .00000000  00000-0  10000-3 0  9995
2 41893   0.0304  72.7407 0001564 256.2075 111.9851  1.00267222   428
STAR ONE D1             
1 41904U 16082B   17039.37446337 -.00000233  00000-0  00000+0 0  9990
2 41904   0.0399 240.6611 0001104  84.2077 224.5730  1.00269584   531
