STARLETTE               
1 07646U 75010A   17040.12294436 -.00000129  00000-0  99910-5 0  9995
2 07646  49.8250 263.8162 0205741 301.7471  56.3520 13.82302248122136
LAGEOS 1                
1 08820U 76039A   17040.44477684  .00000029  00000-0  00000+0 0  9999
2 08820 109.8444  89.6535 0044554 313.2630  41.2251  6.38664763695471
AJISAI (EGS)            
1 16908U 86061A   17040.17252315 -.00000104  00000-0 -48975-4 0  9997
2 16908  50.0073 208.1701 0011575 127.7819 208.0309 12.44485286 55493
LAGEOS 2                
1 22195U 92070B   17038.73328263 -.00000009  00000-0  00000-0 0  9990
2 22195  52.6486 265.8824 0137483 133.2980  83.8984  6.47294247574459
STELLA                  
1 22824U 93061B   17039.86357472 -.00000041  00000-0  16758-5 0  9997
2 22824  98.8007 355.7151 0007373  64.1164  32.2385 14.27367109217701
GRACE-1                 
1 27391U 02012A   17039.87195391  .00010359  00000-0  67103-4 0  9999
2 27391  88.9969 339.6028 0005743 153.8010 300.4313 15.75840275837232
GRACE-2                 
1 27392U 02012B   17039.79142105  .00009925  00000-0  64272-4 0  9997
2 27392  88.9978 339.7290 0005729 154.2434 205.9128 15.75844255837217
LARES                   
1 38077U 12006A   17040.44632933 -.00000022  00000-0  10000-3 0  9999
2 38077  69.4928   4.9305 0007828  10.1485 349.9702 12.54930802228741
