COSMOS 2419 (714)       
1 28915U 05050A   17040.40396734  .00000010  00000-0  00000+0 0  9993
2 28915  65.4334  70.1590 0015772 346.1409 341.3715  2.13110335 86606
COSMOS 2425 (716)       
1 29670U 06062A   17040.37555766 -.00000029  00000-0  10000-3 0  9990
2 29670  65.5224 309.1695 0022843 347.0516  12.9430  2.13103500 78816
COSMOS 2426 (717)       
1 29671U 06062B   17040.21302019 -.00000028  00000-0  10000-3 0  9994
2 29671  65.5415 309.2664 0015627 165.6638 288.8765  2.13103108 78816
COSMOS 2424 (715)       
1 29672U 06062C   17040.20918514 -.00000028  00000-0  10000-3 0  9997
2 29672  65.5246 309.1879 0014998 164.5628 102.6982  2.13102106 78803
COSMOS 2433 (720)       
1 32275U 07052A   17039.76323877  .00000012  00000-0  10000-3 0  9993
2 32275  65.4491  69.9561 0004685 270.0880 172.3507  2.13105025 72311
COSMOS 2432 (719)       
1 32276U 07052B   17038.48517444  .00000011  00000-0  10000-3 0  9996
2 32276  65.4600  70.0682 0012653 327.7529 167.3670  2.13104157 72281
COSMOS 2434 (721)       
1 32393U 07065A   17040.28520905 -.00000027  00000-0  00000+0 0  9990
2 32393  65.1397 308.3849 0003182  86.8696 286.3178  2.13102882 71038
COSMOS 2436 (723)       
1 32395U 07065C   17040.23205659 -.00000027  00000-0  10000-3 0  9998
2 32395  65.1496 308.4320 0016458 357.8438  22.6120  2.13104273 70965
COSMOS 2443 (725)       
1 33379U 08046B   17039.38182174  .00000012  00000-0  00000+0 0  9999
2 33379  65.3778  69.3629 0016116 188.3415 223.5614  2.13101442 65173
COSMOS 2456 (730)       
1 36111U 09070A   17039.68159325  .00000014  00000-0  00000+0 0  9991
2 36111  64.1807 187.9704 0003320 345.6017  95.1414  2.13102931 55680
COSMOS 2457 (733)       
1 36112U 09070B   17039.90664694  .00000011  00000-0  00000+0 0  9994
2 36112  64.1627 187.8846 0007158 149.6217 232.9391  2.13101616 55699
COSMOS 2458 (734)       
1 36113U 09070C   17038.71557625  .00000028  00000-0  10000-3 0  9991
2 36113  64.1686 187.9335 0002859  58.0509 178.5179  2.13102058 55666
COSMOS 2459 (731)       
1 36400U 10007A   17039.45525705  .00000011  00000-0  10000-3 0  9990
2 36400  65.3570  69.0872 0028250 348.4035  80.9432  2.13102344 54035
COSMOS 2461 (735)       
1 36401U 10007B   17040.12344215  .00000010  00000-0  10000-3 0  9991
2 36401  65.3499  69.0453 0004652  54.9268  77.6149  2.13102269 54043
COSMOS 2460 (732)       
1 36402U 10007C   17040.15384088  .00000010  00000-0  10000-3 0  9997
2 36402  65.3413  69.0174 0002109 281.6644 275.7172  2.13101951 54046
COSMOS 2465 (737)       
1 37138U 10041B   17039.49360236 -.00000031  00000-0  00000+0 0  9995
2 37138  64.7386 308.4650 0033936 172.3029 357.3036  2.13104545 50100
COSMOS 2464 (736)       
1 37139U 10041C   17039.91044877 -.00000029  00000-0  00000+0 0  9990
2 37139  64.7461 308.4483 0024375  10.1441 303.2691  2.13102653 50119
COSMOS 2471 (701K)      
1 37372U 11009A   17040.20531354  .00000010  00000-0  00000+0 0  9998
2 37372  65.3377  68.9645 0009087 241.8523 128.4540  2.13103428 46325
COSMOS 2474 (742)       
1 37829U 11055A   17039.77930885  .00000014  00000-0  00000+0 0  9992
2 37829  64.5054 188.4774 0006149 243.7520 132.3061  2.13101938 41680
COSMOS 2476 (744)       
1 37867U 11064A   17039.65357314  .00000016  00000-0  00000+0 0  9993
2 37867  64.4850 188.5574 0015304 241.2823  84.2154  2.13102022 41027
COSMOS 2477 (745)       
1 37868U 11064B   17039.43384601  .00000019  00000-0  00000+0 0  9992
2 37868  64.4937 188.6090 0013178 242.5928  93.5475  2.13101876 40973
COSMOS 2475 (743)       
1 37869U 11064C   17039.57930247  .00000017  00000-0  00000+0 0  9999
2 37869  64.5009 188.5928 0018070 273.3749 130.6869  2.13101996 40998
COSMOS 2485 (747)       
1 39155U 13019A   17040.40707108  .00000008  00000-0  00000+0 0  9993
2 39155  64.6532 188.5333 0015825 235.4571 353.1747  2.13102011 29518
COSMOS 2492 (754)       
1 39620U 14012A   17040.29315372  .00000009  00000-0  10000-3 0  9995
2 39620  65.2305  68.9673 0016304 325.8036 209.2840  2.13103559 22461
COSMOS 2500 (755)       
1 40001U 14032A   17038.54831318  .00000010  00000-0  00000-0 0  9998
2 40001  65.1696  69.0335 0006986 222.6040 277.1907  2.13102925 20641
COSMOS 2501 (702K)      
1 40315U 14075A   17039.35592383 -.00000035  00000-0  00000+0 0  9996
2 40315  64.4728 309.8555 0014249 213.8727 353.2947  2.13100586 17064
COSMOS 2514 (751)       
1 41330U 16008A   17040.47803139  .06606577  00000-0  10000-3 0  9994
2 41330  64.9563  69.1529 0009001 219.5251 140.4841  2.11945718  7853
COSMOS 2516 (753)       
1 41554U 16032A   17040.21958252 -.00000030  00000-0  00000+0 0  9990
2 41554  64.6933 309.5538 0010890 231.0261 183.8908  2.13101707  5451
