GOES 1 (SMS-C) [-]      
1 08366U 75100A   17040.56015177 -.00000217  00000-0  00000+0 0  9990
2 08366  12.2474 320.0369 0005848 286.7492   6.0285  1.00305416150963
GOES 2 [-]              
1 10061U 77048A   17040.01927928 -.00000142  00000-0  00000+0 0  9991
2 10061  13.4488 329.0167 0017736 314.0603 320.8302  0.99394568 89566
GOES 3 [-]              
1 10953U 78062A   17040.45832640  .00000043  00000-0  00000+0 0  9991
2 10953  13.5784 332.5534 0004380 300.1613 245.8956  0.99360281 94664
GOES 4 [-]              
1 11964U 80074A   17038.74314656 -.00000308  00000-0  00000+0 0  9996
2 11964  14.3379 336.3134 0033143   5.8798 193.0340  0.99231765 93738
GOES 5 [-]              
1 12472U 81049A   17040.25529563 -.00000285  00000-0  00000+0 0  9992
2 12472  14.4638 346.4516 0005591 258.4412 271.3290  1.00313613 88726
GOES 6 [-]              
1 14050U 83041A   17038.37641061 -.00000243  00000-0  00000+0 0  9992
2 14050  14.6634 351.3259 0002939 244.1961 312.4965  1.00313082181798
GOES 7 [-]              
1 17561U 87022A   17040.22822476 -.00000173  00000-0  00000+0 0  9995
2 17561  15.1405   7.1708 0006090 291.4673 274.1328  0.99908303 92861
GOES 8 [-]              
1 23051U 94022A   17040.55706012 -.00000017  00000-0  00000+0 0  9994
2 23051  11.2304  40.1155 0009745 241.1117 319.4391  0.98903051 90343
GOES 9 [-]              
1 23581U 95025A   17040.27999502 -.00000179  00000-0  00000+0 0  9992
2 23581  10.7323  39.4828 0001126 224.0585 162.4383  0.98802189 79016
GOES 10 [-]             
1 24786U 97019A   17038.43620737 -.00000187  00000-0  00000+0 0  9990
2 24786   9.0896  44.0918 0029561 162.7713 197.4149  0.99122238 72197
GOES 11 [-]             
1 26352U 00022A   17040.44385498 -.00000216  00000-0  00000+0 0  9998
2 26352   4.6975  75.2448 0005086 178.7469 220.4516  0.99045618 61179
GOES 12 [-]             
1 26871U 01031A   17040.49622444 -.00000322  00000-0  00000+0 0  9993
2 26871   6.1059  60.9796 0011599 230.1635 167.1824  0.99140196 56884
GOES 13 [+]             
1 29155U 06018A   17039.82090528 -.00000275  00000-0  00000+0 0  9995
2 29155   0.3121 100.0061 0003166 304.2160 315.7675  1.00275844 39277
GOES 14 [S]             
1 35491U 09033A   17040.25740897  .00000000  00000-0  10000-3 0  9995
2 35491   0.0154 190.9624 0007034  54.0814 242.8926  1.00269525 27913
GOES 15 [+]             
1 36411U 10008A   17039.98925602  .00000066  00000-0  00000+0 0  9996
2 36411   0.0677 255.3237 0000891 303.0323 161.6047  1.00270979 25441
GOES 16 [S]             
1 41866U 16071A   17039.86207345 -.00000206  00000-0  00000+0 0  9993
2 41866   0.0049 110.6478 0001788 241.1214   8.2279  1.00269240   862
