GORIZONT 1 [-]          
1 11158U 78118A   17037.18950756 -.00000051  00000-0  00000-0 0  9997
2 11158  15.9980 270.4107 3461078 185.8868 168.6028  1.00297600 88668
GORIZONT 2 [-]          
1 11440U 79062A   17037.87158344 -.00000216  00000-0  00000-0 0  9992
2 11440  13.0532 325.1497 0006281 271.2546 300.0226  1.00298017103747
GORIZONT 3 [-]          
1 11648U 79105A   17039.82025021 -.00000050  00000-0  00000+0 0  9997
2 11648  13.1517 326.2986 0011465 177.1783   0.6109  1.00197765 88218
GORIZONT 4 [-]          
1 11841U 80049A   17036.95636764 -.00000099  00000-0  00000-0 0  9998
2 11841  14.1366 330.7328 0006167 282.0332 253.4764  0.98629709199802
GORIZONT 5 [-]          
1 13092U 82020A   17038.06205153  .00000005  00000-0  00000+0 0  9992
2 13092  14.8598 335.4970 0032109 164.4822  85.8270  0.98529797 87916
GORIZONT 6 [-]          
1 13624U 82103A   17038.16256255 -.00000247  00000-0  00000+0 0  9994
2 13624  13.7196 335.3738 0003380 250.7459 299.2502  1.00266267 86679
GORIZONT 7 [-]          
1 14160U 83066A   17038.40124847 -.00000082  00000-0  00000-0 0  9995
2 14160  14.9189 343.0840 0015193 263.7090 317.9041  0.98346844121144
GORIZONT 8 [-]          
1 14532U 83118A   17037.01163854 -.00000122  00000-0  00000-0 0  9998
2 14532  14.9788 344.6743 0023244  98.7237  83.5479  0.98269964 86919
GORIZONT 9 [-]          
1 14940U 84041A   17040.15600737  .00000037  00000-0  00000+0 0  9995
2 14940  14.2193 343.3062 0006618 216.6860  51.3177  1.00296837 87770
GORIZONT 10 [-]         
1 15144U 84078A   17040.06402182 -.00000314  00000-0  00000+0 0  9995
2 15144  14.2491 344.2892 0005487 267.1895 218.8061  1.00333937120369
GORIZONT 11 [-]         
1 15484U 85007A   17038.09237939 -.00000230  00000-0  00000-0 0  9999
2 15484  14.2962 346.0709 0002544 256.8096 261.4747  1.00241722118367
GORIZONT 12 [-]         
1 16769U 86044A   17037.81297990 -.00000338  00000-0  00000-0 0  9999
2 16769  14.5532 350.9372 0006252 250.1212 288.9746  1.00322851112996
GORIZONT 13 [-]         
1 17083U 86090A   17040.45262490 -.00000091  00000-0  00000+0 0  9996
2 17083  15.9922 356.8062 0019542 278.4077 277.3883  0.96724954 85631
GORIZONT 14 [-]         
1 17969U 87040A   17040.04845997 -.00000147  00000-0  00000+0 0  9991
2 17969  15.5578 349.1907 0026402 128.7296  60.1424  0.97658903 86498
GORIZONT 15 [-]         
1 19017U 88028A   17038.09337038 -.00000165  00000-0  00000+0 0  9998
2 19017  15.9997   0.1969 0031377 108.5257  76.8443  0.97829066 86052
GORIZONT 16 [-]         
1 19397U 88071A   17039.44447291 -.00000233  00000-0  00000+0 0  9996
2 19397  14.9111 359.1301 0013720 338.7671 241.4621  0.99968967104073
GORIZONT 17 [-]         
1 19765U 89004A   17038.33191157 -.00000255  00000-0  00000-0 0  9991
2 19765  15.2129   2.0469 0016258  79.6600 129.8790  0.99066964101727
GORIZONT 18 [-]         
1 20107U 89052A   17037.95113766  .00000070  00000-0  00000+0 0  9996
2 20107  15.1408   3.4007 0039858 261.7102 271.2938  0.99397140100440
GORIZONT 19 [-]         
1 20263U 89081A   17038.01920062  .00000082  00000-0  00000-0 0  9998
2 20263  14.9118   2.8767 0007137 236.3610 313.8946  1.00212626 13073
GORIZONT 20 [-]         
1 20659U 90054A   17039.97541247  .00000044  00000-0  00000+0 0  9996
2 20659  15.1067   5.7969 0006023 173.8376   5.6355  1.00252378 97442
GORIZONT 21 [-]         
1 20923U 90094A   17038.75317417 -.00000269  00000-0  00000+0 0  9999
2 20923  15.0511   6.6026 0007071 209.7958 338.1804  1.00289733 96180
GORIZONT 22 [-]         
1 20953U 90102A   17038.13574000 -.00000038  00000-0  00000-0 0  9992
2 20953  14.9836   6.8974 0006966 263.1676 277.0707  1.00270039 96135
GORIZONT 23 [-]         
1 21533U 91046A   17040.09066994  .00000000  00000-0  10000-3 0  9993
2 21533  15.4156  10.5603 0010264 250.1439 109.7686  0.98905024 86952
GORIZONT 24 [-]         
1 21759U 91074A   17038.06107226 -.00000028  00000-0  00000-0 0  9999
2 21759  15.4156  12.1890 0020844 187.3781  43.6969  0.98441166 91312
GORIZONT 25 [-]         
1 21922U 92017A   17040.06223832  .00000000  00000-0  10000-3 0  9997
2 21922  14.9894  11.9521 0023718  16.6122 343.4902  0.99846151 90839
GORIZONT 26 [-]         
1 22041U 92043A   17040.30836072 -.00000187  00000-0  00000+0 0  9994
2 22041  15.0025  13.5837 0033900 189.5772 225.2912  0.99246323 89609
GORIZONT 27 [-]         
1 22245U 92082A   17036.24722487 -.00000145  00000-0  00000-0 0  9990
2 22245  14.9259  13.8107 0015538 289.4840 268.5481  1.00213566 92867
GORIZONT 28 [-]         
1 22880U 93069A   17038.95615362  .00000042  00000-0  00000-0 0  9999
2 22880  14.7460  17.1578 0028171  81.7947  89.4779  0.99646599 85080
GORIZONT 29 [-]         
1 22907U 93072A   17040.35239174 -.00000038  00000-0  00000+0 0  9998
2 22907  14.6937  16.8727 0015014 270.9208 222.4029  1.00115681 85009
GORIZONT 30 [-]         
1 23108U 94030A   17035.52768632  .00000072  00000-0  00000+0 0  9993
2 23108  14.6177  17.9296 0006279 227.1636 300.9321  1.00176611 83199
GORIZONT 31 [-]         
1 23775U 96005A   17037.85739840 -.00000303  00000-0  00000-0 0  9993
2 23775  14.0114  23.4354 0020823 162.0488  49.0855  0.99900634 76916
GORIZONT 32 [-]         
1 23880U 96034A   17040.21626053  .00000000  00000-0  10000-3 0  9994
2 23880  13.9146  24.0682 0012220 268.6955  91.2053  1.00217492 75836
GORIZONT 33 [-]         
1 26372U 00029A   17038.69328128 -.00000363  00000-0  00000+0 0  9991
2 26372  11.7347  33.5205 0002972 235.0086 251.2208  1.00219197 61150
