IRIDIUM 106 [+]         
1 41917U 17003A   17040.21633786  .00000011  00000-0 -24613-5 0  9995
2 41917  86.5240  75.4767 0003488 114.6803 245.4740 14.56992153  3735
IRIDIUM 103 [+]         
1 41918U 17003B   17040.50714279  .00000091  00000-0  15535-4 0  9994
2 41918  86.5208  75.3539 0002252  96.0386 264.1088 14.56657885  3781
IRIDIUM 109 [+]         
1 41919U 17003C   17040.35994653  .00000115  00000-0  20698-4 0  9997
2 41919  86.5247  75.4171 0002512 107.4484 252.6988 14.56993835  3759
IRIDIUM 102 [+]         
1 41920U 17003D   17040.50500411  .00000128  00000-0  23829-4 0  9994
2 41920  86.5210  75.3565 0000959  59.9079 300.2255 14.56675074  3783
IRIDIUM 105 [+]         
1 41921U 17003E   17040.54268155  .00000449  00000-0  50333-4 0  9991
2 41921  86.6661  75.3332 0012588 142.4111 217.8001 14.84249499  3829
IRIDIUM 104 [+]         
1 41922U 17003F   17040.39284851  .00000161  00000-0  30894-4 0  9997
2 41922  86.5261  75.3890 0002878 113.7472 246.4026 14.57105872  3771
IRIDIUM 114 [+]         
1 41923U 17003G   17040.32129137  .00000259  00000-0  53351-4 0  9997
2 41923  86.5218  75.4136 0001733  95.6200 264.5188 14.56493619  3772
IRIDIUM 108 [+]         
1 41924U 17003H   17040.20198495  .00000427  00000-0  47388-4 0  9998
2 41924  86.6613  75.4543 0013313 142.1386 218.0762 14.84459673  3769
IRIDIUM 112 [+]         
1 41925U 17003J   17037.66117196  .00000657  00000-0  10000-3 0  9999
2 41925  86.5891  76.5468 0023857 183.4405 277.3328 14.72122515  3382
IRIDIUM 111 [+]         
1 41926U 17003K   17037.66514693  .00000766  00000-0  10000-3 0  9994
2 41926  86.6352  76.5408 0015434 178.2679 307.4869 14.79000000  3383
