IRIDIUM 8 [+]           
1 24792U 97020A   17040.42066572  .00000073  00000-0  19040-4 0  9994
2 24792  86.3971  12.0962 0002183  89.5784 270.5662 14.34213920 34885
IRIDIUM 7 [+]           
1 24793U 97020B   17040.41427889  .00000062  00000-0  15155-4 0  9997
2 24793  86.3976  12.3745 0002168  87.8087 272.3357 14.34213902 34884
IRIDIUM 6 [+]           
1 24794U 97020C   17040.40789050  .00000067  00000-0  16900-4 0  9992
2 24794  86.3973  12.3109 0002184  86.4962 273.6483 14.34215051 34882
IRIDIUM 5 [+]           
1 24795U 97020D   17040.54127374  .00000034  00000-0  50758-5 0  9997
2 24795  86.3970  12.2659 0002128  84.7387 275.4051 14.34206380 34986
IRIDIUM 4 [-]           
1 24796U 97020E   17040.49176184  .00000117  00000-0  34090-4 0  9997
2 24796  86.3970  11.3089 0002197  89.2250  30.1244 14.35138690 34999
IRIDIUM 914 [-]         
1 24836U 97030A   17040.50122152  .00000116  00000-0  31176-4 0  9992
2 24836  86.3929  28.4029 0002915 123.2313 236.9165 14.38737338 30584
IRIDIUM 12 [+]          
1 24837U 97030B   17040.50920984 -.00000037  00000-0 -20278-4 0  9997
2 24837  86.3932  43.4637 0002056  87.3612  24.6430 14.34216089 28641
IRIDIUM 10 [+]          
1 24839U 97030D   17040.49611524 -.00000042  00000-0 -22087-4 0  9990
2 24839  86.3932  43.4497 0002084  87.7581  21.8833 14.34216015 28653
IRIDIUM 13 [+]          
1 24840U 97030E   17040.49386014 -.00000038  00000-0 -20755-4 0  9990
2 24840  86.3934  43.5880 0001918  88.2494 271.8921 14.34215735 28640
IRIDIUM 16 [-]          
1 24841U 97030F   17040.53606105  .00000105  00000-0  29047-4 0  9998
2 24841  86.4013  43.4713 0002652  34.6358 325.5012 14.36688192 29253
IRIDIUM 911 [-]         
1 24842U 97030G   17040.54893276  .00000114  00000-0  26845-4 0  9990
2 24842  86.4438  44.3262 0015566 147.7415 212.4743 14.44930463 34512
IRIDIUM 15 [+]          
1 24869U 97034A   17040.53528474 -.00000030  00000-0 -17784-4 0  9998
2 24869  86.3924  75.4804 0002253  84.6910 275.4542 14.34218852 25612
IRIDIUM 17 [-]          
1 24870U 97034B   17040.48956562  .00000117  00000-0  33727-4 0  9996
2 24870  86.3930  73.6972 0000316  82.2716 277.8517 14.35735442 25857
IRIDIUM 920 [-]         
1 24871U 97034C   17040.46603830  .00000098  00000-0  24894-4 0  9995
2 24871  86.3940  60.1897 0013281  47.9025 312.3301 14.39450631 27982
IRIDIUM 18 [+]          
1 24872U 97034D   17040.51624188 -.00000030  00000-0 -17915-4 0  9995
2 24872  86.3932  75.4560 0002167  87.1527 272.9917 14.34217474 25617
IRIDIUM 921 [-]         
1 24873U 97034E   17040.51075617  .00001313  00000-0  76300-4 0  9999
2 24873  86.3955 126.3424 0010006 119.4546 240.7692 15.11097072 68817
IRIDIUM 26 [-]          
1 24903U 97043A   17040.31866715  .00000075  00000-0  19208-4 0  9996
2 24903  86.3986 308.3427 0002161  82.3267  39.2226 14.35237230 19638
IRIDIUM 25 [+]          
1 24904U 97043B   17040.25523666  .00000175  00000-0  55488-4 0  9996
2 24904  86.3977 308.9233 0002184  80.5890 279.5553 14.34221084 19492
IRIDIUM 46 [+]          
1 24905U 97043C   17040.26790526  .00000164  00000-0  51460-4 0  9993
2 24905  86.2844 309.0879 0001887  84.4786 275.6625 14.34219229 19494
IRIDIUM 23 [+]          
1 24906U 97043D   17040.28351586  .00000154  00000-0  47863-4 0  9996
2 24906  86.3991 308.9410 0002246  83.7244  29.4548 14.34220462 19501
IRIDIUM 22 [+]          
1 24907U 97043E   17040.23621981  .00000165  00000-0  51935-4 0  9998
2 24907  86.3989 309.5854 0002133  83.5955 276.5483 14.34221948 19491
DUMMY MASS 1 [-]        
1 24925U 97048A   17039.75812840  .00000077  00000-0  56825-5 0  9990
2 24925  86.3346 102.6548 0008886 125.3908 234.8147 14.85118702 52528
DUMMY MASS 2 [-]        
1 24926U 97048B   17039.77657671  .00000080  00000-0  60935-5 0  9993
2 24926  86.3347 103.7413 0009480 132.4557 227.7470 14.84886930 52370
IRIDIUM 29 [-]          
1 24944U 97051A   17040.33178621  .00000067  00000-0  16580-4 0  9995
2 24944  86.3996 340.3642 0002144  97.2454 262.8986 14.34621759 16099
IRIDIUM 32 [+]          
1 24945U 97051B   17040.33479662  .00000146  00000-0  44924-4 0  9996
2 24945  86.3993 340.5558 0002226  86.5158 273.6292 14.34220561 16094
IRIDIUM 33 [-]          
1 24946U 97051C   17040.37719588  .00000077  00000-0  20601-4 0  9994
2 24946  86.3911 340.2351 0006237 310.6240  49.4412 14.33536160 15728
IRIDIUM 28 [-]          
1 24948U 97051E   17040.42934868  .00000087  00000-0  23336-4 0  9991
2 24948  86.4001 339.6295 0002097  78.1441 281.9991 14.35530775 16251
IRIDIUM 30 [+]          
1 24949U 97051F   17040.32849491  .00000000  00000-0 -69308-5 0  9994
2 24949  86.4012 340.6671 0002055  67.5779 292.5634 14.34229276 16076
IRIDIUM 31 [+]          
1 24950U 97051G   17040.32210467  .00000137  00000-0  42025-4 0  9997
2 24950  86.3994 340.6540 0002058  87.3706 272.7725 14.34220684 16080
IRIDIUM 19 [+]          
1 24965U 97056A   17040.44608925  .00000079  00000-0  21229-4 0  9999
2 24965  86.3971  12.0962 0002159  88.2666 271.8777 14.34212840 14244
IRIDIUM 35 [+]          
1 24966U 97056B   17040.45876150  .00000067  00000-0  16809-4 0  9993
2 24966  86.3971  12.0858 0002170  88.0436 272.1008 14.34213920 14224
IRIDIUM 36 [-]          
1 24967U 97056C   17040.43887925  .00000055  00000-0  12101-4 0  9992
2 24967  86.3984  11.2519 0002051  90.9673 269.1758 14.35582987 14532
IRIDIUM 37 [+]          
1 24968U 97056D   17040.43340432  .00000016  00000-0 -14780-5 0  9994
2 24968  86.3970  12.2794 0002102  84.2405 275.9030 14.34209824 14229
IRIDIUM 34 [+]          
1 24969U 97056E   17040.45239368  .00000084  00000-0  23033-4 0  9996
2 24969  86.3973  12.2078 0002117  87.8765 272.2673 14.34211810 14223
IRIDIUM 43 [+]          
1 25039U 97069A   17040.50989129  .00000041  00000-0  77023-5 0  9994
2 25039  86.3930  75.3942 0002031  96.3960 263.7467 14.34217562  8018
IRIDIUM 41 [+]          
1 25040U 97069B   17040.50355057 -.00000021  00000-0 -14578-4 0  9998
2 25040  86.3930  75.3435 0002186  85.7687 274.3758 14.34217603  8013
IRIDIUM 40 [+]          
1 25041U 97069C   17040.52895801  .00000100  00000-0  28810-4 0  9997
2 25041  86.3929  75.5635 0001606 123.7708 236.3641 14.34223965  8038
IRIDIUM 39 [B]          
1 25042U 97069D   17040.49256842  .00000131  00000-0  30822-4 0  9990
2 25042  86.3888  73.7032 0019741  23.9143 336.2972 14.46126456  8269
IRIDIUM 38 [-]          
1 25043U 97069E   17040.49540842  .00000121  00000-0  34689-4 0  9991
2 25043  86.3929  72.6821 0002123  53.7199 306.4194 14.36008217  8402
IRIDIUM 42 [-]          
1 25077U 97077A   17040.54044707  .00000101  00000-0  28811-4 0  9990
2 25077  86.3932  75.2982 0002205  87.2173 272.9276 14.34524784  3891
IRIDIUM 44 [-]          
1 25078U 97077B   17040.53638467  .00000122  00000-0  33605-4 0  9992
2 25078  86.3928  65.1850 0001827  41.9827 318.1511 14.38096745  5286
IRIDIUM 45 [+]          
1 25104U 97082A   17040.52509504  .00000159  00000-0  49894-4 0  9993
2 25104  86.3991 340.6036 0002514  58.8016 301.3426 14.34215796  2072
IRIDIUM 24 [-]          
1 25105U 97082B   17040.23996950  .00000089  00000-0  21803-4 0  9999
2 25105  86.3928 289.4955 0013332  52.3776 307.8630 14.39834029  4447
IRIDIUM 47 [+]          
1 25106U 97082C   17040.27429280  .00000216  00000-0  69984-4 0  9995
2 25106  86.3975 308.7907 0002275  83.9371 276.2084 14.34216945  2038
IRIDIUM 49 [+]          
1 25108U 97082E   17040.38305108  .00000155  00000-0  48264-4 0  9991
2 25108  86.3978 308.8444 0002191  83.1170  52.8247 14.34221465  2050
IRIDIUM 52 [+]          
1 25169U 98010A   17040.52560373 -.00000043  00000-0 -22363-4 0  9993
2 25169  86.3937  43.7476 0002042  87.3585 272.7844 14.34215936993481
IRIDIUM 56 [+]          
1 25170U 98010B   17040.51932849 -.00000001  00000-0 -75866-5 0  9996
2 25170  86.3931  43.8500 0002152  81.3412 278.8028 14.34213044993468
IRIDIUM 54 [+]          
1 25171U 98010C   17040.48120081 -.00000041  00000-0 -21681-4 0  9999
2 25171  86.3937  43.7865 0002042  87.5732 272.5698 14.34216017993624
IRIDIUM 50 [+]          
1 25172U 98010D   17040.51289793 -.00000029  00000-0 -17577-4 0  9995
2 25172  86.3937  43.7299 0002097  89.9696 270.1740 14.34216364993460
IRIDIUM 53 [+]          
1 25173U 98010E   17040.53197691  .00000043  00000-0  84571-5 0  9996
2 25173  86.3938  43.7274 0002125  91.4037 268.7402 14.34215683993476
IRIDIUM 51 [S]          
1 25262U 98018A   17040.47795654  .00000065  00000-0  16003-4 0  9997
2 25262  86.3982  12.3863 0002445  93.5441 266.6034 14.34214488992858
IRIDIUM 61 [+]          
1 25263U 98018B   17040.43981646  .00000068  00000-0  17253-4 0  9993
2 25263  86.3972  12.2419 0002187  88.2578 271.8869 14.34211046988552
IRIDIUM 55 [+]          
1 25272U 98019A   17040.37285994  .00000125  00000-0  37503-4 0  9994
2 25272  86.3993 340.4491 0002210  85.1138 275.0310 14.34219844987747
IRIDIUM 57 [-]          
1 25273U 98019B   17040.34386716  .00000062  00000-0  15064-4 0  9994
2 25273  86.4000 340.7637 0002181  91.3948 268.7498 14.34255946987747
IRIDIUM 58 [+]          
1 25274U 98019C   17040.35381458  .00000129  00000-0  39012-4 0  9997
2 25274  86.3999 340.9527 0002277  85.1133 275.0323 14.34220569987748
IRIDIUM 59 [+]          
1 25275U 98019D   17040.36016277  .00000146  00000-0  45241-4 0  9993
2 25275  86.3994 340.8100 0002221  88.2285 271.9165 14.34220642987742
IRIDIUM 60 [+]          
1 25276U 98019E   17040.36650711  .00000143  00000-0  43910-4 0  9999
2 25276  86.3991 340.4321 0002196  85.0296 275.1151 14.34220519987743
IRIDIUM 62 [+]          
1 25285U 98021A   17040.25815588  .00000116  00000-0  34530-4 0  9993
2 25285  86.3945 277.3815 0002152  85.6596 274.4845 14.34221949986681
IRIDIUM 63 [-]          
1 25286U 98021B   17040.39181951  .00000102  00000-0  28935-4 0  9996
2 25286  86.3976 277.7280 0002167  94.2116  24.2395 14.34640144986724
IRIDIUM 64 [+]          
1 25287U 98021C   17040.48012172  .00000034  00000-0  49457-5 0  9992
2 25287  86.3946 277.3301 0001881  84.5449 275.5962 14.34217660986695
IRIDIUM 65 [+]          
1 25288U 98021D   17040.20740351  .00000113  00000-0  33124-4 0  9991
2 25288  86.3944 277.3499 0002158  83.2972 276.8470 14.34222562986670
IRIDIUM 66 [+]          
1 25289U 98021E   17040.56257729  .00000047  00000-0  98888-5 0  9998
2 25289  86.3943 277.1058 0002143  85.4638 274.6802 14.34217698986710
IRIDIUM 67 [+]          
1 25290U 98021F   17040.22008660  .00000103  00000-0  29620-4 0  9991
2 25290  86.3945 277.3836 0002061  85.8655 274.2776 14.34222414986686
IRIDIUM 68 [+]          
1 25291U 98021G   17040.57527658  .00000109  00000-0  31948-4 0  9995
2 25291  86.3947 277.3514 0002008  84.4790 275.6635 14.34222294986706
IRIDIUM 69 [-]          
1 25319U 98026A   17040.27284870  .00000076  00000-0  18256-4 0  9994
2 25319  86.4003 299.5373 0002277  34.7008 325.4338 14.38649894984646
IRIDIUM 71 [-]          
1 25320U 98026B   17040.23037061  .00000125  00000-0  33872-4 0  9996
2 25320  86.3981 295.5057 0003905  66.7241 293.4368 14.39062037985063
IRIDIUM 70 [+]          
1 25342U 98032A   17040.27722556  .00000112  00000-0  33086-4 0  9994
2 25342  86.3951 277.7120 0002187  85.6811  45.7067 14.34217738980762
IRIDIUM 72 [+]          
1 25343U 98032B   17040.23910704  .00000107  00000-0  31166-4 0  9996
2 25343  86.3945 277.3478 0002086  85.4811 274.6623 14.34222294980768
IRIDIUM 73 [-]          
1 25344U 98032C   17040.52721708  .00000128  00000-0  28311-4 0  9994
2 25344  86.4400 256.8692 0002717  99.1860 260.9652 14.49008678989069
IRIDIUM 74 [S]          
1 25345U 98032D   17040.25571285  .00000111  00000-0  27462-4 0  9996
2 25345  86.4461 277.7314 0008660  93.2593  45.4314 14.42446841984293
IRIDIUM 75 [+]          
1 25346U 98032E   17040.27215571  .00000107  00000-0  31280-4 0  9990
2 25346  86.3948 277.5820 0002062  86.1735  51.7263 14.34222380981338
IRIDIUM 3 [+]           
1 25431U 98048A   17040.32351253  .00000156  00000-0  48805-4 0  9991
2 25431  86.3982 309.1693 0002237  82.6361  40.5996 14.34221058967289
IRIDIUM 76 [+]          
1 25432U 98048B   17040.27087297  .00000168  00000-0  52792-4 0  9993
2 25432  86.3979 308.9496 0002177  87.5511  25.9138 14.34221492967263
IRIDIUM 82 [+]          
1 25467U 98051A   17040.49728358  .00000085  00000-0  23379-4 0  9996
2 25467  86.3907  75.5449 0002010  85.3601 274.7824 14.34216285968316
IRIDIUM 81 [+]          
1 25468U 98051B   17040.49087509  .00000072  00000-0  18479-4 0  9994
2 25468  86.3928  75.1762 0002135  96.2651 263.8788 14.34219423964533
IRIDIUM 80 [+]          
1 25469U 98051C   17040.49368112 -.00000026  00000-0 -16388-4 0  9995
2 25469  86.3933  75.4570 0002001  92.9731  19.8413 14.34217753964532
IRIDIUM 77 [+]          
1 25471U 98051E   17040.50000341 -.00000022  00000-0 -15082-4 0  9993
2 25471  86.3923  75.0338 0002219  90.7918  21.9518 14.34217643969731
IRIDIUM 2 [-]           
1 25527U 98066A   17040.22999154  .00000820  00000-0  40524-4 0  9992
2 25527  85.5303 107.7777 0008924 186.0600 174.0534 15.16157097998481
IRIDIUM 86 [+]          
1 25528U 98066B   17040.50656124 -.00000041  00000-0 -21645-4 0  9991
2 25528  86.3928  43.1794 0002285  84.1635 275.9821 14.34215915961063
IRIDIUM 84 [+]          
1 25530U 98066D   17040.46851704 -.00000038  00000-0 -20710-4 0  9998
2 25530  86.3929  43.3582 0002131  87.9622 272.1817 14.34215874958694
IRIDIUM 83 [+]          
1 25531U 98066E   17040.50021946 -.00000045  00000-0 -23063-4 0  9993
2 25531  86.3932  43.4649 0002068  87.3584 272.7848 14.34216312956050
IRIDIUM 20 [+]          
1 25577U 98074A   17040.28062407  .00000156  00000-0  48726-4 0  9998
2 25577  86.3979 308.8684 0002121  83.1711 276.9726 14.34221380950106
IRIDIUM 11 [+]          
1 25578U 98074B   17040.17551483  .00000154  00000-0  48026-4 0  9995
2 25578  86.3977 309.1152 0002098  80.4697  31.9508 14.34221070959051
IRIDIUM 14 [+]          
1 25777U 99032A   17040.54356730  .00000105  00000-0  30256-4 0  9992
2 25777  86.3947 277.3008 0002200  84.1072 276.0375 14.34221959936389
IRIDIUM 21 [+]          
1 25778U 99032B   17040.23276554  .00000113  00000-0  33122-4 0  9998
2 25778  86.3946 277.4514 0002021  90.1257 270.0170 14.34222810929774
IRIDIUM 91 [+]          
1 27372U 02005A   17040.36343608  .00000143  00000-0  43910-4 0  9992
2 27372  86.3391 340.8862 0002459  79.5180  35.6786 14.34219003793308
IRIDIUM 90 [S]          
1 27373U 02005B   17040.52378248 -.00000033  00000-0 -15995-4 0  9991
2 27373  86.4443  43.4348 0002313  87.0714 273.0751 14.42946534792943
IRIDIUM 94 [+]          
1 27374U 02005C   17040.26435793  .00000160  00000-0  50007-4 0  9994
2 27374  86.3980 309.2048 0002757  93.3090  19.2485 14.34221401797611
IRIDIUM 95 [+]          
1 27375U 02005D   17040.37918548  .00000044  00000-0  85679-5 0  9996
2 27375  86.3766 340.9049 0002273  86.3794 273.7662 14.34213298792594
IRIDIUM 96 [+]          
1 27376U 02005E   17040.42699284  .00000081  00000-0  21866-4 0  9994
2 27376  86.4001  12.5756 0002177 122.0492 238.0915 14.34214369797805
IRIDIUM 97 [+]          
1 27450U 02031A   17040.46507397  .00000010  00000-0 -34556-5 0  9997
2 27450  86.3970  12.2825 0001994  85.1481 274.9942 14.34213293771928
IRIDIUM 98 [+]          
1 27451U 02031B   17040.55402793 -.00000021  00000-0 -14474-4 0  9991
2 27451  86.3924  75.5850 0002013  89.9451  72.3977 14.34218022773015
