COSMOS 2361 [-]         
1 25590U 98076A   17040.06815788  .00000042  00000-0  29227-4 0  9998
2 25590  82.9328 210.6573 0030541 239.4526 260.2208 13.72927688908351
COSMOS 2378 [-]         
1 26818U 01023A   17039.93679970  .00000009  00000-0 -65179-5 0  9994
2 26818  82.9257 232.3849 0032450 193.7014 166.3262 13.73911817785928
COSMOS 2389 [-]         
1 27436U 02026A   17039.88415553  .00000012  00000-0 -39451-5 0  9992
2 27436  82.9525 176.1140 0047536  69.6517  91.1394 13.74909954737830
COSMOS 2398 [-]         
1 27818U 03023A   17040.06327014  .00000028  00000-0  13614-4 0  9998
2 27818  82.9507 131.2734 0032873  79.0156 281.4682 13.72138976685367
COSMOS 2407 [+]         
1 28380U 04028A   17040.08944514  .00000020  00000-0  46769-5 0  9991
2 28380  82.9597  83.1557 0040797  81.7840 278.7946 13.76036093630388
COSMOS 2414 [+]         
1 28521U 05002A   17040.43205348  .00000037  00000-0  18374-4 0  9993
2 28521  82.9508 105.4009 0040087 345.5634  14.4377 13.87581483610562
COSMOS 2429 [-]         
1 32052U 07038A   17039.84814081  .00000036  00000-0  21796-4 0  9992
2 32052  82.9800 202.3011 0039397  52.2399 308.2315 13.74883488472415
COSMOS 2454 [-]         
1 35635U 09039A   17040.45033960  .00000014  00000-0 -92317-6 0  9999
2 35635  82.9563  95.3767 0018177 310.9779  48.9813 13.89607305383317
COSMOS 2463 [+]         
1 36519U 10017A   17039.90125598 -.00000005  00000-0 -22134-4 0  9995
2 36519  82.9582 238.3482 0035053 244.0261 115.7282 13.71408352339886
