O3B FM5                 
1 39188U 13031A   17038.37488573 -.00000026  00000-0  00000-0 0  9990
2 39188   0.0273  23.3141 0005761  10.9269 325.7898  5.00115779 66170
O3B FM4                 
1 39189U 13031B   17036.86759733 -.00000023  00000-0  00000-0 0  9999
2 39189   0.0522   3.9836 0006217 272.7533  83.1868  5.00115680 66131
O3B FM2                 
1 39190U 13031C   17036.84255711 -.00000023  00000-0  00000-0 0  9996
2 39190   0.0568   6.4743 0006819 266.7412  86.7011  5.00115593 66104
O3B PFM                 
1 39191U 13031D   17036.46620464 -.00000022  00000-0  00000-0 0  9995
2 39191   0.0338  12.9029 0004498 304.1717  42.8850  5.00115796 66081
O3B FM3                 
1 40079U 14038A   17039.37644686 -.00000029  00000-0  00000+0 0  9991
2 40079   0.0445   8.8661 0003147 357.1053 354.0255  5.00114762 47217
O3B FM7                 
1 40080U 14038B   17040.13071113 -.00000030  00000-0  00000+0 0  9990
2 40080   0.0458   6.3055 0002480 326.8273  26.8471  5.00116826 47272
O3B FM6                 
1 40081U 14038C   17038.35426932 -.00000026  00000-0  00000-0 0  9991
2 40081   0.0449   7.6958 0002555 334.6395  17.6494  5.00115074 47046
O3B FM8                 
1 40082U 14038D   17040.19813718 -.00000030  00000-0  00000+0 0  9993
2 40082   0.0476   5.1799 0003840 320.2392  34.5486  5.00115119 47251
O3B FM10                
1 40348U 14083A   17040.22036262 -.00000030  00000-0  00000+0 0  9993
2 40348   0.0391  12.8457 0001649 294.4061  52.7259  5.00115855 39212
O3B FM11                
1 40349U 14083B   17038.44311504 -.00000027  00000-0  00000-0 0  9997
2 40349   0.0366  12.4332 0002254 291.1950  56.3438  5.00115702 39127
O3B FM12                
1 40350U 14083C   17038.31013572 -.00000026  00000-0  00000-0 0  9998
2 40350   0.0373  11.3330 0002657 301.7481  46.8903  5.00115463 39122
O3B FM9                 
1 40351U 14083D   17038.28766766 -.00000026  00000-0  00000-0 0  9995
2 40351   0.0365  14.2389 0002009 297.7990  47.9387  5.00115612 39135
