SCD 1                   
1 22490U 93009B   17040.24104910  .00000229  00000-0  13115-4 0  9999
2 22490  24.9710  11.7254 0043262  64.4684  71.8113 14.44473523267082
TECHSAT 1B (GO-32)      
1 25397U 98043D   17039.78717905 -.00000023  00000-0  89944-5 0  9999
2 25397  98.5968 344.9238 0001937  48.0666 312.0678 14.23614477965529
SCD 2                   
1 25504U 98060A   17039.87654172  .00000223  00000-0  12218-4 0  9994
2 25504  24.9944 216.3113 0017394  96.4343  48.7783 14.43995297966371
LANDSAT 7               
1 25682U 99020A   17040.26267490  .00004845  00000-0  10839-2 0  9995
2 25682  98.2253 113.1178 0001193  79.7348 280.4014 14.57148397947961
DLR-TUBSAT              
1 25757U 99029B   17040.26952354  .00000118  00000-0  41081-4 0  9991
2 25757  98.4192 312.0674 0014011 335.9101  24.1437 14.51352097937910
QUIKSCAT                
1 25789U 99034A   17040.17447597 -.00000002  00000-0  17068-4 0  9991
2 25789  98.6049 230.8010 0001820  71.8166 288.3212 14.27268913918932
TERRA                   
1 25994U 99068A   17040.27343837 -.00000022  00000-0  50756-5 0  9993
2 25994  98.1960 117.0995 0001021  81.8089 278.3224 14.57114417912043
EO-1                    
1 26619U 00075A   17040.34310602  .00000718  00000-0  14424-3 0  9991
2 26619  97.8526  75.5188 0010539 145.4986 214.6906 14.64367890864826
MAROC-TUBSAT            
1 27004U 01056D   17039.86052402 -.00000041  00000-0  19447-5 0  9998
2 27004  99.3336 183.4043 0019151 311.7656 213.1637 13.70120453758477
AQUA                    
1 27424U 02022A   17039.81739810  .00000069  00000-0  25438-4 0  9993
2 27424  98.2254 342.9783 0001667 110.0241 277.5253 14.57106998785580
IRS-P6 (RESOURCESAT-1)  
1 28051U 03046A   17040.39005968 -.00000005  00000-0  17588-4 0  9990
2 28051  98.6366 118.8945 0003722 357.7449   2.3716 14.21657536691123
TANSUO 1 (TS 1)         
1 28220U 04012A   17039.95024060  .00000728  00000-0  64864-4 0  9996
2 28220  97.6796 357.7209 0009738 205.1842 154.8907 14.99030024697213
FORMOSAT-2 (ROCSAT 2)   
1 28254U 04018A   17040.44009440  .00000106  00000-0  10000-3 0  9992
2 28254  98.8817 103.8351 0001960  91.0792 325.4153 14.00627532650711
AURA                    
1 28376U 04026A   17039.81781374  .00000080  00000-0  27759-4 0  9999
2 28376  98.2264 345.1497 0001468  84.6414 275.4951 14.57101919668638
IRS-P5 (CARTOSAT-1)     
1 28649U 05017A   17040.40230737  .00000134  00000-0  22740-4 0  9997
2 28649  97.8737 116.7353 0003436  92.2345 267.9263 14.83445498637033
SINAH 1                 
1 28893U 05043D   17039.57369284  .00000017  00000-0  12344-4 0  9992
2 28893  97.8567 203.9618 0014981 193.7391 166.3405 14.61417854601664
EROS B                  
1 29079U 06014A   17040.43076208  .00003909  00000-0  13687-3 0  9999
2 29079  97.3377 162.2029 0004479 155.2035 273.7249 15.30075849598808
RESURS-DK 1             
1 29228U 06021A   17040.45257820  .00000111  00000-0  15849-4 0  9991
2 29228  69.9349  63.0455 0005603 212.9348 147.1464 15.02087838588922
ARIRANG-2 (KOMPSAT-2)   
1 29268U 06031A   17040.35575330  .00000052  00000-0  19664-4 0  9997
2 29268  98.1142 301.9354 0019187  48.9408 311.3435 14.62243320562312
LAPAN-TUBSAT            
1 29709U 07001A   17040.38641374  .00000092  00000-0  17966-4 0  9997
2 29709  97.6880  20.0654 0013402 144.9810 215.2300 14.82030181545051
CARTOSAT-2 (IRS-P7)     
1 29710U 07001B   17040.42826042  .00000256  00000-0  41932-4 0  9993
2 29710  97.9439 103.2742 0001407 142.1717 217.9587 14.78654451544317
HAIYANG-1B              
1 31113U 07010A   17040.39042027 -.00000026  00000-0  69452-5 0  9996
2 31113  98.5776  97.4297 0013132 217.5776 142.4490 14.30161019513207
COSMO-SKYMED 1          
1 31598U 07023A   17040.44386819 -.00000187  00000-0 -16987-4 0  9996
2 31598  97.8758 226.0993 0001283  82.3763 277.7601 14.82159884523523
TERRASAR-X              
1 31698U 07026A   17039.08085860 -.00002541  00000-0 -11788-3 0  9999
2 31698  97.4463  48.5758 0001785  92.2534 352.8620 15.19142115535273
WORLDVIEW-1 (WV-1)      
1 32060U 07041A   17040.33662735  .00001194  00000-0  51565-4 0  9991
2 32060  97.3839 162.1469 0001098  61.9252 356.8764 15.24416666522777
YAOGAN 3                
1 32289U 07055A   17040.39449077  .00000150  00000-0  26370-4 0  9994
2 32289  97.9960  42.6758 0001455  70.9093 289.2278 14.80783535499825
COSMO-SKYMED 2          
1 32376U 07059A   17040.41010417  .00000084  00000-0  17076-4 0  9999
2 32376  97.8759 226.0671 0001332  82.8107 277.3274 14.82155930496264
RADARSAT-2              
1 32382U 07061A   17040.41265398  .00000076  00000-0  46218-4 0  9990
2 32382  98.5765  49.8718 0000985  95.0744  11.2542 14.29985457478039
CARTOSAT-2A             
1 32783U 08021A   17040.40602889  .00000136  00000-0  25577-4 0  9993
2 32783  97.9450 103.3088 0013617  15.9811 344.1837 14.78679173474250
JASON 2 (OSTM)          
1 33105U 08032A   17039.77307870 -.00000053  00000-0  35481-4 0  9998
2 33105  66.0423  28.3483 0008042 273.8529  85.6388 12.80930722404159
RAPIDEYE 2              
1 33312U 08040A   17040.41723676  .00000067  00000-0  15654-4 0  9990
2 33312  97.8277 124.7073 0014159  50.6748 309.5717 14.79890747456472
RAPIDEYE 5              
1 33313U 08040B   17040.30463335  .00000024  00000-0  10070-4 0  9992
2 33313  97.8408 122.3683 0015033 284.4042  75.5498 14.79884853456406
RAPIDEYE 1              
1 33314U 08040C   17040.42864437  .00000038  00000-0  11900-4 0  9992
2 33314  97.8295 124.3065 0025793  61.1407 299.2387 14.79890736456461
RAPIDEYE 3              
1 33315U 08040D   17040.39758856  .00000067  00000-0  15690-4 0  9998
2 33315  97.8435 122.0815 0012394   5.9285 354.2074 14.79893413456425
RAPIDEYE 4              
1 33316U 08040E   17040.38393455  .00000053  00000-0  13893-4 0  9996
2 33316  97.8481 121.5808 0010024 309.0260  51.0059 14.79887868456413
HUANJING 1A (HJ-1A)     
1 33320U 08041A   17040.39003954  .00000142  00000-0  27528-4 0  9994
2 33320  97.9529 107.1713 0027608  78.1688 282.2609 14.76733095453922
HUANJING 1B (HJ-1B)     
1 33321U 08041B   17040.40261566  .00000132  00000-0  26016-4 0  9992
2 33321  97.9577 108.2998 0036138  93.5039 267.0302 14.76804936453915
GEOEYE 1                
1 33331U 08042A   17040.25885087 -.00000033  00000-0  28022-5 0  9998
2 33331  98.1217 117.2952 0009125 311.6126  48.4287 14.64126026450382
THEOS                   
1 33396U 08049A   17040.42791245  .00000169  00000-0  10000-3 0  9991
2 33396  98.6941 109.9868 0001104  92.3212  36.0158 14.20048270433347
COSMO-SKYMED 3          
1 33412U 08054A   17040.46495125 -.00000129  00000-0 -96297-5 0  9990
2 33412  97.8761 226.1205 0001394  90.2401 269.9002 14.82161372448733
YAOGAN 4                
1 33446U 08061A   17040.44493389  .00000050  00000-0  13955-4 0  9993
2 33446  97.5902  45.0432 0015945   3.1888 356.9421 14.76593522441175
GOSAT (IBUKI)           
1 33492U 09002A   17040.38754481 -.00000073  00000-0 -43581-5 0  9992
2 33492  98.1108 153.1845 0001086  71.8400 288.2921 14.67525260431088
YAOGAN 6                
1 34839U 09021A   17040.42732127  .00000529  00000-0  23413-4 0  9992
2 34839  97.1634  96.5717 0030460  56.3305 304.0832 15.25419104433113
DEIMOS-1                
1 35681U 09041A   17040.44483942 -.00000032  00000-0  26555-5 0  9991
2 35681  97.9680 295.5134 0002248  48.1466 311.9905 14.71634866404358
DUBAISAT-1              
1 35682U 09041B   17040.40105151  .00000055  00000-0  17461-4 0  9990
2 35682  97.8161 266.6958 0011139 195.8179 164.2679 14.68545437403453
OCEANSAT 2              
1 35931U 09051A   17040.23501050  .00000071  00000-0  29256-4 0  9990
2 35931  98.3098 136.4244 0001981 191.8478 168.2671 14.50840616390908
WORLDVIEW-2 (WV-2)      
1 35946U 09055A   17040.24068235 -.00000025  00000-0  63759-5 0  9991
2 35946  98.5157 117.7668 0001625  63.5385 296.5968 14.37754029385120
SMOS                    
1 36036U 09059A   17040.14369455  .00000047  00000-0  29031-4 0  9990
2 36036  98.4431 229.6593 0000946  93.4733 266.6564 14.39752242382189
YAOGAN 7                
1 36110U 09069A   17040.39571909 -.00000520  00000-0 -68738-4 0  9995
2 36110  98.1943 197.4680 0024728 158.9456 201.2788 14.75159388386043
TANDEM-X                
1 36605U 10030A   17040.06874703 -.00000067  00000-0  00000+0 0  9994
2 36605  97.4488  49.5537 0002786 101.2725 343.1472 15.19160062368165
CARTOSAT 2B             
1 36795U 10035A   17040.44333970  .00000028  00000-0  10845-4 0  9996
2 36795  97.9423 103.2309 0015826  84.6681 275.6332 14.78679337355308
YAOGAN 10               
1 36834U 10038A   17040.41816000  .00000097  00000-0  19339-4 0  9993
2 36834  97.9263  38.2632 0001527  59.1206 301.0162 14.80793405351579
COSMO-SKYMED 4          
1 37216U 10060A   17040.42700669  .00000049  00000-0  12694-4 0  9991
2 37216  97.8760 226.0822 0001348  74.5998 285.5370 14.82157339338814
HAIYANG 2A              
1 37781U 11043A   17040.28508468 -.00000540  00000-0 -48839-3 0  9994
2 37781  99.3342  53.4323 0000864  32.4415 327.6781 13.78713860276356
RASAT                   
1 37791U 11044D   17040.44193599  .00000047  00000-0  17903-4 0  9998
2 37791  98.1385 133.8080 0022290 160.0579 200.1497 14.64582728293070
MEGHA-TROPIQUES         
1 37838U 11058A   17039.78415824  .00000309  00000-0  25391-4 0  9999
2 37838  19.9763 201.2370 0009638  93.0688 267.0820 14.09697535274963
SRMSAT                  
1 37841U 11058D   17039.75599912  .00000305  00000-0  22390-4 0  9993
2 37841  19.9708 188.2492 0011864 110.0408  22.4413 14.10563959275123
YAOGAN 13               
1 37941U 11072A   17040.39246182  .00001194  00000-0  62091-4 0  9999
2 37941  97.4805 329.7500 0002239  50.3931  89.9587 15.17980392288270
PLEIADES 1A             
1 38012U 11076F   17040.40084963  .00000003  00000-0  10461-4 0  9994
2 38012  98.1756 117.2971 0001164  73.4189 286.7144 14.58560181274233
ZIYUAN 1-02C (ZY 1-02C) 
1 38038U 11079A   17040.43420671  .00000034  00000-0  26719-4 0  9995
2 38038  98.3604 108.4425 0001453  99.6752 260.4595 14.35442020269170
ZIYUAN 3 (ZY 3)         
1 38046U 12001A   17040.46047611  .00000843  00000-0  40582-4 0  9994
2 38046  97.3010 110.7427 0002779  74.5127  46.6198 15.21377562282539
RISAT 1                 
1 38248U 12017A   17040.58193735  .00000309  00000-0  23537-4 0  9995
2 38248  97.5740  49.8840 0005489 107.9322   5.6461 15.08936003263998
ARIRANG-3 (KOMPSAT-3)   
1 38338U 12025B   17040.38742374  .00000088  00000-0  27339-4 0  9999
2 38338  98.1857 340.5921 0010578  18.7093 341.4481 14.61485614252518
KANOPUS-V 1             
1 38707U 12039A   17040.38913292  .00000318  00000-0  17867-4 0  9994
2 38707  97.4532 319.9413 0001461  80.3216  14.3747 15.20073805252645
EXACTVIEW-1 (ADS-1B)    
1 38709U 12039C   17040.31151495  .00000005  00000-0  22933-4 0  9991
2 38709  99.0815  12.4775 0010130 259.4369 100.5673 14.23921114236630
SPOT 6                  
1 38755U 12047A   17040.41629062 -.00000002  00000-0  93412-5 0  9991
2 38755  98.1557 109.5261 0001521  86.6945 273.4433 14.58578457235310
PLEIADES 1B             
1 39019U 12068A   17040.43548736 -.00000002  00000-0  93253-5 0  9991
2 39019  98.1781 117.4329 0001260  77.7881 282.3461 14.58557186223094
GOKTURK 2               
1 39030U 12073A   17040.38115737  .00000028  00000-0  12168-4 0  9997
2 39030  98.0097 295.1473 0002521  92.1041 268.0426 14.72620323221742
LANDSAT 8               
1 39084U 13008A   17040.15831383  .00000048  00000-0  20599-4 0  9991
2 39084  98.1966 112.5254 0001209  98.1687 261.9648 14.57122741212416
SARAL                   
1 39086U 13009A   17039.81645206  .00000008  00000-0  19281-4 0  9994
2 39086  98.5386 229.4218 0000096 155.9227 204.1961 14.31993192206734
GAOFEN 1                
1 39150U 13018A   17040.43897856  .00000083  00000-0  19268-4 0  9994
2 39150  97.9593 126.0610 0020227 106.4966 253.8460 14.76494675204392
VNREDSAT 1              
1 39160U 13021B   17040.42962542  .00000067  00000-0  22233-4 0  9991
2 39160  98.0943 118.7527 0001368  83.7963 276.3386 14.62966083200922
ARIRANG-5 (KOMPSAT-5)   
1 39227U 13042A   17040.38000791 -.00000003  00000-0  40913-5 0  9999
2 39227  97.6045 227.3419 0001847  98.1914  18.7428 15.04523302190472
YAOGAN 18               
1 39363U 13059A   17040.45282701  .00000898  00000-0  47370-4 0  9993
2 39363  97.4068 111.7809 0001645  73.0149 343.7789 15.18052179181940
SKYSAT-1                
1 39418U 13066C   17040.46598888  .00000200  00000-0  21678-4 0  9999
2 39418  97.7102 125.1849 0022443 357.5453   2.5633 14.98391721175951
DUBAISAT-2              
1 39419U 13066D   17040.43446158  .00000639  00000-0  65895-4 0  9994
2 39419  97.6917 116.0134 0013431 340.1785  19.8925 14.93545980175435
GPM-CORE                
1 39574U 14009C   17040.19040006  .00004694  00000-0  72522-4 0  9999
2 39574  65.0109 355.0819 0010450 279.8727  80.1239 15.55470137167616
SENTINEL-1A             
1 39634U 14016A   17040.44153184 -.00000066  00000-0 -42099-5 0  9992
2 39634  98.1813  49.8963 0001216  71.9943 288.1394 14.59198590152069
KAZEOSAT 1              
1 39731U 14024A   17040.39832325 -.00001177  00000-0 -34580-3 0  9992
2 39731  98.4296 121.1784 0001179  78.4523 281.6838 14.41987613146476
ALOS-2                  
1 39766U 14029A   17040.42417315  .00000122  00000-0  23239-4 0  9994
2 39766  97.9208 139.5926 0001432  81.8792 278.2574 14.79473800146715
KAZEOSAT 2              
1 40010U 14033A   17040.32347699  .00000058  00000-0  13979-4 0  9997
2 40010  97.9063 303.6690 0016600 337.5318  22.5153 14.82072714143003
HODOYOSHI-4             
1 40011U 14033B   17040.38035467  .00000119  00000-0  22320-4 0  9999
2 40011  97.8987 300.6442 0026305 329.2843  30.6806 14.80820337142840
DEIMOS-2                
1 40013U 14033D   17040.40831850  .00000078  00000-0  15469-4 0  9994
2 40013  97.8940 305.7348 0002474  48.7663 311.3715 14.84814779143246
HODOYOSHI-3             
1 40015U 14033F   17039.77021738  .00000225  00000-0  37912-4 0  9991
2 40015  97.8905 295.6728 0036563 334.3813  25.5585 14.78188531142516
SPOT 7                  
1 40053U 14034A   17040.45117327 -.00000045  00000-0  00000+0 0  9995
2 40053  98.1704 109.8292 0001442  71.2716 288.8641 14.58572923139252
SKYSAT-2                
1 40072U 14037D   17040.23274224  .00000096  00000-0  19741-4 0  9997
2 40072  98.3285 146.3766 0007179  98.5158 261.6864 14.80944880140041
WORLDVIEW-3 (WV-3)      
1 40115U 14048A   17040.41815644  .00000136  00000-0  22310-4 0  9995
2 40115  97.8784 122.1431 0001239  44.0514 316.0779 14.84774128135146
YAOGAN 21               
1 40143U 14053A   17040.42670995  .00001167  00000-0  50029-4 0  9994
2 40143  97.3251 116.4135 0009756 281.1985 207.6316 15.24679502134939
YAOGAN 22               
1 40275U 14063A   17040.34907940 -.00000044  00000-0  00000+0 0  9998
2 40275 100.3975 155.9491 0005771   9.6229 350.5004 13.15316732110839
ASNARO                  
1 40298U 14070A   17040.40603481  .00001440  00000-0  70702-4 0  9992
2 40298  97.4166 124.7035 0001076  87.8780  42.2142 15.19656767125457
HODOYOSHI-1             
1 40299U 14070B   17040.45209551  .00000895  00000-0  42201-4 0  9994
2 40299  97.4119 125.1091 0013213 174.2040 242.3060 15.21975393125510
CHUBUSAT-1              
1 40300U 14070C   17040.43090485  .00000947  00000-0  46217-4 0  9998
2 40300  97.4057 122.6325 0020572 184.9745 236.9064 15.20546669125378
QSAT-EOS                
1 40301U 14070D   17040.40468361  .00002282  00000-0  10044-3 0  9990
2 40301  97.3989 122.3462 0027880 183.4214 307.0229 15.22541059125389
TSUBAME                 
1 40302U 14070E   17040.43806890  .00000972  00000-0  53070-4 0  9998
2 40302  97.3905 115.9605 0039533 204.7704 211.2869 15.16036597124995
YAOGAN 23               
1 40305U 14071A   17040.42076810  .00001152  00000-0  59815-4 0  9996
2 40305  97.4159 340.8429 0002141  67.9969  72.5251 15.18061129124040
YAOGAN 24               
1 40310U 14072A   17040.38679451  .00000123  00000-0  24683-4 0  9990
2 40310  97.9864 161.7816 0018234 119.4085 240.8948 14.77078293119856
CBERS-4                 
1 40336U 14079A   17040.44184017 -.00000016  00000-0  94658-5 0  9993
2 40336  98.4667 117.6104 0001568  81.1772 278.9588 14.35456456114088
RESURS P2               
1 40360U 14087A   17040.41780274  .00001853  00000-0  62109-4 0  9997
2 40360  97.2778 136.3367 0008788 221.2547 208.7448 15.32151337118822
YAOGAN 26               
1 40362U 14088A   17040.40244508  .00001521  00000-0  61257-4 0  9999
2 40362  97.3654 121.1820 0007346  16.0558  49.5782 15.26382292118264
SMAP                    
1 40376U 15003A   17040.45764698  .00000057  00000-0  20167-4 0  9992
2 40376  98.1225  50.0333 0000503 118.1659 241.9599 14.63371719108215
KOMPSAT 3A              
1 40536U 15014A   17040.55625060  .00000021  00000-0  12034-5 0  9998
2 40536  97.4702 342.9820 0012232  63.2663 297.0326 15.11995773103767
SENTINEL-2A             
1 40697U 15028A   17040.41723176  .00000008  00000-0  19523-4 0  9997
2 40697  98.5670 117.1976 0001071  83.1942 276.9360 14.30817212 85422
CARBONITE 1 (CBNT-1)    
1 40718U 15032D   17040.43726033  .00000056  00000-0  16000-4 0  9993
2 40718  97.9853 294.4198 0016514 184.4288 175.6767 14.74496065 85426
YAOGAN 27               
1 40878U 15040A   17040.34852465 -.00000044  00000-0  00000+0 0  9994
2 40878 100.4156 103.2422 0008884 141.7284 218.4461 13.15952555 70009
LAPAN-A2                
1 40931U 15052B   17038.62143458  .00000778  00000-0  19392-4 0  9992
2 40931   5.9988  76.5381 0012975 211.2040 148.7624 14.76510623 73784
YAOGAN 28               
1 41026U 15064A   17040.40528451  .00001705  00000-0  60927-4 0  9991
2 41026  97.2961 170.3252 0011828  61.5438  22.9555 15.30137062 70212
YAOGAN 29               
1 41038U 15069A   17040.37930506  .00000051  00000-0  13479-4 0  9996
2 41038  97.8858  24.7078 0000938  60.7290 299.4025 14.80368276 65170
KENT RIDGE 1            
1 41167U 15077B   17040.28813591  .00001031  00000-0  23393-4 0  9997
2 41167  14.9782  30.9208 0011647  28.3330  87.5142 15.08610811 63593
TELEOS 1                
1 41169U 15077D   17040.40869237  .00001458  00000-0  48970-4 0  9992
2 41169  14.9807  28.8648 0010979  28.9817  38.4865 15.09152281 63624
JASON-3                 
1 41240U 16002A   17039.88780963 -.00000056  00000-0  23609-4 0  9995
2 41240  66.0423  28.6249 0007934 274.4991  85.5118 12.80929774 49712
SENTINEL-3A             
1 41335U 16011A   17040.45254013 -.00000012  00000-0  13052-4 0  9990
2 41335  98.6251 109.7129 0001260 103.3568 256.7753 14.26737755 51146
SENTINEL-1B             
1 41456U 16025A   17040.40675879 -.00000069  00000-0 -49908-5 0  9994
2 41456  98.1815  49.6879 0001246  77.2363 282.8985 14.59198652 42220
ZIYUAN 3-2              
1 41556U 16033A   17040.38413513  .00001008  00000-0  48227-4 0  9990
2 41556  97.4752 118.2102 0001465  61.2645  69.6130 15.21263641 38818
NUSAT 1 (FRESCO)        
1 41557U 16033B   17040.40924785  .00001278  00000-0  51659-4 0  9994
2 41557  97.4744 119.9116 0016111  97.9262 262.3805 15.26513817 38930
NUSAT 2 (BATATA)        
1 41558U 16033C   17040.23521028  .00001301  00000-0  52735-4 0  9992
2 41558  97.4769 119.7696 0015610  97.1800 263.1213 15.26387639 38902
CARTOSAT-2C             
1 41599U 16040A   17040.43610470 -.00003895  00000-0 -18130-3 0  9999
2 41599  97.4778 103.6665 0016308 153.9426 347.1767 15.19218466 35250
SKYSAT-C1               
1 41601U 16040C   17039.86443004  .00000825  00000-0  39295-4 0  9999
2 41601  97.5395 104.6318 0002894  81.3847 278.7708 15.21982633 35220
LAPAN-A3                
1 41603U 16040E   17040.47490600  .00000246  00000-0  14920-4 0  9999
2 41603  97.4798 103.8666 0014015 153.7765 322.7135 15.19257925 35260
BIROS                   
1 41604U 16040F   17039.79417196  .00000512  00000-0  26845-4 0  9997
2 41604  97.4799 103.3507 0013245 149.7000 210.5003 15.20145462 35174
3CAT-2                  
1 41732U 16051B   17040.40250302  .00001577  00000-0  67081-4 0  9994
2 41732  97.3777 319.3171 0014808  10.5974  82.7534 15.24396111 27068
SKYSAT-C4               
1 41771U 16058B   17040.26786578 -.00000068  00000-0  00000+0 0  9995
2 41771  97.4022 115.2322 0000747 216.9733 184.1649 15.22072165 22223
SKYSAT-C5               
1 41772U 16058C   17040.25041811 -.00000068  00000-0  00000+0 0  9999
2 41772  97.4031 115.1068 0003221  53.1989 344.0574 15.21204798 22215
SKYSAT-C2               
1 41773U 16058D   17040.39046076 -.00000068  00000-0  00000+0 0  9993
2 41773  97.4017 115.4136 0002072  59.8200  70.5802 15.22048473 22235
SKYSAT-C3               
1 41774U 16058E   17040.45677264 -.00000068  00000-0  00000+0 0  9990
2 41774  97.4028 115.4491 0001386 102.9643 321.3465 15.22058764 22247
PATHFINDER 1            
1 41787U 16059E   17040.45981139  .00000043  00000-0  17746-4 0  9996
2 41787  98.1843 103.1871 0030086 199.1317 160.8741 14.63483841 19909
WORLDVIEW-4             
1 41848U 16067A   17040.22223162  .00000046  00000-0  11905-4 0  9997
2 41848  97.9607 114.5320 0002962 103.2951 256.8594 14.84698079 13279
GOKTURK 1A              
1 41875U 16073A   17040.38134090 -.00000046  00000-0  00000+0 0  9992
2 41875  98.1196 297.0426 0001684  71.1977 288.9395 14.62628423  9610
RESOURCESAT-2A          
1 41877U 16074A   17039.97613623 -.00000034  00000-0  43238-5 0  9995
2 41877  98.7259 117.1635 0016537  46.7735  18.2081 14.24912793  9064
