SARSAT 7 (NOAA 15)      
1 25338U 98030A   17040.49395425  .00000020  00000-0  27390-4 0  9991
2 25338  98.7848  51.1319 0010017 212.8059 147.2499 14.25776680974803
GPS BIIR-07             
1 26690U 01004A   17040.51390649 -.00000035  00000-0  00000+0 0  9995
2 26690  53.0225 163.1660 0178073 255.1428 138.4664  2.00554810117453
METEOSAT-8 (MSG-1)      
1 27509U 02040B   17040.15829396  .00000118  00000-0  00000+0 0  9993
2 27509   4.6197  58.8422 0000938 211.8517 327.1734  1.00264428 53008
GPS BIIR-08             
1 27663U 03005A   17040.15064942 -.00000092  00000-0  00000+0 0  9996
2 27663  56.7375 349.8720 0090554  21.3100 208.0357  2.00567396102806
INSAT 3A                
1 27714U 03013A   17040.49232626 -.00000281  00000-0  00000+0 0  9995
2 27714   0.8870  88.7251 0016925 227.0781 301.4447  0.99804497 50702
GPS BIIR-11             
1 28190U 04009A   17040.19570354 -.00000036  00000-0  00000+0 0  9998
2 28190  55.9345  50.9849 0099930  51.4963   2.0264  2.00566652 94487
GPS BIIR-12             
1 28361U 04023A   17040.54324817  .00000039  00000-0  00000+0 0  9996
2 28361  54.1353 225.1565 0113766 217.5294   2.4211  2.00548472 92578
GPS BIIR-13             
1 28474U 04045A   17040.28335177 -.00000028  00000-0  00000+0 0  9996
2 28474  54.1657 102.9513 0167927 244.3590 147.2472  2.00556780 89934
SARSAT 10 (NOAA 18)     
1 28654U 05018A   17040.53546587  .00000024  00000-0  38564-4 0  9990
2 28654  99.1916  59.5715 0015180  71.3904 288.8914 14.12324406604246
GPS BIIR-14M            
1 28874U 05038A   17040.21140907 -.00000039  00000-0  00000+0 0  9993
2 28874  56.0945  48.2282 0118878 253.3003 190.5647  2.00575127 83333
MSG-2                   
1 28912U 05049B   17040.23182420  .00000038  00000-0  00000+0 0  9994
2 28912   1.9553  70.4767 0000244 145.3011  16.8226  1.00263001 40836
GOES 13                 
1 29155U 06018A   17039.82090528 -.00000275  00000-0  00000+0 0  9995
2 29155   0.3121 100.0061 0003166 304.2160 315.7675  1.00275844 39277
SARSAT 11 (METOP-A)     
1 29499U 06044A   17039.89236111  .00000002  00000-0  21043-4 0  9994
2 29499  98.6970 101.5521 0001461 145.7002 210.3739 14.21496858534904
GPS BIIR-16M            
1 29601U 06052A   17040.14556241 -.00000092  00000-0  00000+0 0  9992
2 29601  56.7097 348.7930 0062445  43.8094 316.6745  2.00574261 74962
GPS BIIR-17M            
1 32260U 07047A   17039.96318424  .00000042  00000-0  00000+0 0  9993
2 32260  53.2625 221.6420 0089476  31.4495 329.0804  2.00554773 68345
GPS BIIR-18M            
1 32384U 07062A   17040.55985094 -.00000040  00000-0  00000+0 0  9996
2 32384  56.1560  48.7876 0007250 331.8023 232.9286  2.00563611 67086
SARSAT 12 (NOAA 19)     
1 33591U 09005A   17040.52244289  .00000079  00000-0  68191-4 0  9998
2 33591  99.0756   5.6523 0013007 271.9658  88.0024 14.12151520412639
GOES 14                 
1 35491U 09033A   17040.25740897  .00000000  00000-0  10000-3 0  9995
2 35491   0.0154 190.9624 0007034  54.0814 242.8926  1.00269525 27913
GOES 15                 
1 36411U 10008A   17039.98925602  .00000066  00000-0  00000+0 0  9996
2 36411   0.0677 255.3237 0000891 303.0323 161.6047  1.00270979 25441
ELEKTRO-L 1             
1 37344U 11001A   17038.10397073 -.00000213  00000-0  00000+0 0  9999
2 37344   2.1743  78.3820 0004127 260.1931 171.2879  1.00240044 22200
GLONASS-K 1             
1 37372U 11009A   17040.20531354  .00000010  00000-0  00000+0 0  9998
2 37372  65.3377  68.9645 0009087 241.8523 128.4540  2.13103428 46325
GPS BIIF-2              
1 37753U 11036A   17040.47206372 -.00000025  00000-0  00000+0 0  9996
2 37753  55.3756 105.8704 0060862  29.1924 262.4787  2.00561200 40783
GSAT0101 (GALILEO-PFM)  
1 37846U 11060A   17040.33664387 -.00000027  00000-0  00000+0 0  9997
2 37846  55.7292  75.2921 0004610 311.0330  49.0026  1.70473648 33038
GSAT0102 (GALILEO-FM2)  
1 37847U 11060B   17040.34304757 -.00000027  00000-0  00000+0 0  9991
2 37847  55.7299  75.2913 0005996 297.5610 108.7903  1.70475812 33036
LUCH 5A                 
1 37951U 11074B   17040.23485185 -.00000071  00000-0  00000+0 0  9994
2 37951   1.5643 193.7127 0004608 115.5361  81.7219  1.00272856 18947
MSG-3                   
1 38552U 12035B   17039.61354475 -.00000028  00000-0  00000+0 0  9999
2 38552   0.6855  44.3672 0001154 214.2263 101.3593  1.00263715 16976
SARSAT 13 (METOP-B)     
1 38771U 12049A   17039.89321037 -.00000005  00000-0  17885-4 0  9994
2 38771  98.6973 102.0985 0000612 164.3717   1.7901 14.21489845228043
GPS BIIF-3              
1 38833U 12053A   17040.05777022  .00000004  00000-0  00000+0 0  9991
2 38833  54.2346 283.8572 0053961  23.7365 336.5813  2.00559784 31852
GSAT0103 (GALILEO-FM3)  
1 38857U 12055A   17037.44790228  .00000045  00000-0  00000-0 0  9997
2 38857  54.9163 195.6509 0002307 205.0992 154.8516  1.70473571 26907
GSAT0104 (GALILEO-FM4)  
1 38858U 12055B   17040.31512636  .00000015  00000-0  00000+0 0  9999
2 38858  54.9166 195.5702 0001549 185.0006 174.9393  1.70473659 26896
GPS BIIF-4              
1 39166U 13023A   17040.41110650 -.00000044  00000-0  00000+0 0  9992
2 39166  55.8036  45.2763 0042836  12.9554 347.1869  2.00565426 27388
INSAT-3D                
1 39216U 13038B   17040.38397508 -.00000180  00000-0  00000+0 0  9990
2 39216   0.0123 233.2198 0002149  83.3065  43.4568  1.00269970 13062
GPS BIIF-5              
1 39533U 14008A   17039.91590158 -.00000006  00000-0  00000+0 0  9990
2 39533  54.3897 289.1385 0024138 181.3421 178.7174  2.00558295 21740
LUCH 5V                 
1 39727U 14023A   17040.02821708 -.00000290  00000-0  00000+0 0  9999
2 39727   2.9547 299.2411 0003726  27.6297 277.2950  1.00271862528279
GPS BIIF-6              
1 39741U 14026A   17040.19428617 -.00000026  00000-0  00000+0 0  9995
2 39741  55.3635 105.4009 0008590 278.5681  81.3960  2.00570350 20024
GPS BIIF-7              
1 40105U 14045A   17040.28634746  .00000044  00000-0  00000+0 0  9993
2 40105  54.6575 225.0055 0006914 104.1199 255.9608  2.00560932 18470
GSAT0201 (GALILEO 5)    
1 40128U 14050A   17039.23720494 -.00000057  00000-0  00000+0 0  9998
2 40128  50.2341  50.3799 1610601  59.0327 315.8948  1.85519878 16889
GSAT0202 (GALILEO 6)    
1 40129U 14050B   17040.04429915 -.00000060  00000-0  00000+0 0  9998
2 40129  50.2894  49.3398 1611409  60.1009 315.0208  1.85520426 17099
GPS BIIF-8              
1 40294U 14068A   17040.15217700  .00000000  00000-0  10000-3 0  9997
2 40294  54.9859 165.5880 0004314 358.0210   1.9424  2.00546922 16697
GLONASS-K 2             
1 40315U 14075A   17039.35592383 -.00000035  00000-0  00000+0 0  9996
2 40315  64.4728 309.8555 0014249 213.8727 353.2947  2.13100586 17064
GPS BIIF-9              
1 40534U 15013A   17039.79458834 -.00000092  00000-0  00000+0 0  9995
2 40534  54.9815 344.9402 0017034 347.3392  12.6132  2.00566018 13751
GSAT0203 (GALILEO 7)    
1 40544U 15017A   17040.11946734 -.00000028  00000-0  00000+0 0  9998
2 40544  55.5176  75.6073 0004514 252.6438 107.3822  1.70475542 11640
GSAT0204 (GALILEO 8)    
1 40545U 15017B   17038.14291145 -.00000028  00000-0  00000+0 0  9998
2 40545  55.5224  75.6736 0002329 232.5113 127.5392  1.70475590 11616
GPS BIIF-10             
1 40730U 15033A   17039.95744866 -.00000043  00000-0  00000+0 0  9992
2 40730  55.3385  45.0239 0026674 306.7262  53.0624  2.00574025 11512
GSAT0205 (GALILEO 9)    
1 40889U 15045A   17035.44864508 -.00000054  00000-0  00000+0 0  9998
2 40889  57.1070 315.7426 0004319 353.5814   6.4436  1.70474124  8714
GSAT0206 (GALILEO 10)   
1 40890U 15045B   17039.77473961 -.00000061  00000-0  00000+0 0  9997
2 40890  57.1029 315.6219 0002821 347.6284  12.3963  1.70474285  8810
GPS BIIF-11             
1 41019U 15062A   17039.50938667 -.00000028  00000-0  00000+0 0  9993
2 41019  54.9967 165.3981 0022691 199.7517 160.1199  2.00563039  9328
GSAT0209 (GALILEO 12)   
1 41174U 15079A   17037.60111771  .00000043  00000-0  00000+0 0  9997
2 41174  54.9289 195.3329 0002895 294.4912  65.4391  1.70473756  7097
GSAT0208 (GALILEO 11)   
1 41175U 15079B   17037.82107219  .00000041  00000-0  00000-0 0  9993
2 41175  54.9268 195.3277 0001997 293.0252  66.9128  1.70473766  7108
GPS BIIF-12             
1 41328U 16007A   17040.09285193  .00000048  00000-0  00000+0 0  9992
2 41328  54.9168 225.1657 0008498 214.5320 145.4183  2.00561059  7390
GSAT0211 (GALILEO 14)   
1 41549U 16030A   17039.70001553 -.00000060  00000-0  00000+0 0  9990
2 41549  57.2427 315.3567 0003772 311.2753  48.7241  1.70474002  4435
GSAT0210 (GALILEO 13)   
1 41550U 16030B   17039.99329019 -.00000060  00000-0  00000+0 0  9993
2 41550  57.2419 315.3509 0002707 286.5443  73.4590  1.70473991  4439
