AKEBONO (EXOS-D)        
1 19822U 89016A   17039.64588997  .00016601  24672-6  33468-3 0  9990
2 19822  75.0337  77.7958 1937813  13.9435 350.8066 11.62599265894273
HST                     
1 20580U 90037B   17040.48683509  .00000478  00000-0  18512-4 0  9999
2 20580  28.4697 131.2760 0002513 238.1573 244.4573 15.08666242270988
POLAR                   
1 23802U 96013A   17040.12543873  .00000055  00000-0  00000+0 0  9998
2 23802  78.3575 273.2981 7432363 328.1247   3.6598  1.29842501100496
SWAS                    
1 25560U 98071A   17039.64331634  .00000103  00000-0  18476-4 0  9997
2 25560  69.8972 224.0931 0007345 359.3051   0.8093 14.93291026986355
ORSTED                  
1 25635U 99008B   17040.21471967  .00000045  00000-0  18851-4 0  9992
2 25635  96.4820 335.4752 0137540 295.9357  62.7722 14.47965599947714
CXO                     
1 25867U 99040B   17042.43403994  .00000495  00000-0  00000+0 0  9997
2 25867  74.7345 292.6390 6876454 255.1358   0.2039  0.37803331 15570
XMM-NEWTON              
1 25989U 99066A   17042.04958359 -.00000286  00000-0  00000+0 0  9996
2 25989  68.5699  10.4696 8226564  95.6585   0.6414  0.50140631 20259
TERRA                   
1 25994U 99068A   17040.27343837 -.00000022  00000-0  50756-5 0  9993
2 25994  98.1960 117.0995 0001021  81.8089 278.3224 14.57114417912043
CLUSTER II-FM6 (SALSA)  
1 26410U 00041A   17040.72484018 -.00000235  00000-0  00000+0 0  9994
2 26410 131.0616 331.7721 4628535 148.5233 359.1493  0.44206602 16933
CLUSTER II-FM7 (SAMBA)  
1 26411U 00041B   17040.70997006 -.00000392  00000-0  00000+0 0  9993
2 26411 130.0782 333.2551 5222573 155.9863 359.0838  0.44219223 17014
CLUSTER II-FM5 (RUMBA)  
1 26463U 00045A   17040.72743407 -.00000319  00000-0  00000+0 0  9999
2 26463 133.5926 331.4195 4926851 153.9359 359.1039  0.44219131 17517
CLUSTER II-FM8 (TANGO)  
1 26464U 00045B   17040.02213054 -.00000260  00000-0  00000+0 0  9998
2 26464 131.0572 331.7657 4629164 148.4882 250.3744  0.44218183 52847
ODIN                    
1 26702U 01007A   17040.15704077  .00000161  00000-0  14917-4 0  9992
2 26702  97.6167  58.5858 0012520 125.1721 235.0681 15.06981591872369
TIMED                   
1 26998U 01055B   17039.85732207  .00000124  00000-0  17612-4 0  9997
2 26998  74.0707 210.4695 0002168 269.0432  91.0500 14.87849215822399
RHESSI                  
1 27370U 02004A   17039.59924395  .00001960  00000-0  75542-4 0  9994
2 27370  38.0319 112.2204 0010383  81.7759 278.4188 15.27765367826596
INTEGRAL                
1 27540U 02048A   17041.25746735  .00000810  00000-0  00000+0 0  9992
2 27540  50.3731 194.7079 8186711 260.9502   0.1858  0.37595011 13829
CORIOLIS                
1 27640U 03001A   17040.10479941 -.00000000  00000-0  20910-4 0  9997
2 27640  98.7460  52.0489 0013349 318.6969  83.2426 14.18932035729789
SORCE                   
1 27651U 03004A   17039.83508548  .00000171  00000-0  32324-4 0  9996
2 27651  39.9963 316.9433 0021335  54.2760 306.0010 14.88579513761666
MOST                    
1 27843U 03031D   17039.50075159 -.00000006  00000-0  17478-4 0  9991
2 27843  98.7150  49.4642 0010417  30.4285 329.7494 14.20543868705685
SCISAT 1                
1 27858U 03036A   17039.55698471  .00000074  00000-0  15453-4 0  9990
2 27858  73.9325  82.0407 0008895 221.4052 138.6449 14.77106894726780
SWIFT                   
1 28485U 04047A   17040.11608238  .00000975  00000-0  37571-4 0  9991
2 28485  20.5571 309.9659 0011506  61.3451 298.8138 15.03566696668908
FORMOSAT-3 FM6          
1 29047U 06011A   17039.69419864  .00000036  00000-0  30283-4 0  9996
2 29047  71.9790  89.3663 0049958  11.1375 349.0854 14.28560939566417
FORMOSAT-3 FM1          
1 29048U 06011B   17040.17553311 -.00000036  00000-0  22564-5 0  9993
2 29048  71.9689   0.6710 0045397 325.7270 126.8668 14.28497814568973
FORMOSAT-3 FM5          
1 29049U 06011C   17039.79802745  .00000045  00000-0  34308-4 0  9995
2 29049  72.0205 166.1734 0034940   3.8459 356.2939 14.28541242564699
FORMOSAT-3 FM3          
1 29050U 06011D   17039.62016883  .00000123  00000-0  36422-4 0  9995
2 29050  72.0153  77.3324 0049088  27.9530 332.4242 14.58447854577826
FORMOSAT-3 FM4          
1 29051U 06011E   17039.61131794  .00000044  00000-0  33436-4 0  9998
2 29051  72.0052  70.8559 0070598 243.5209 115.8675 14.28563460567250
FORMOSAT-3 FM2          
1 29052U 06011F   17039.76359630  .00000060  00000-0  39745-4 0  9993
2 29052  72.0351 141.1246 0041396 327.2825  32.5748 14.28652107565594
CLOUDSAT                
1 29107U 06016A   17040.15787673  .00000047  00000-0  20599-4 0  9998
2 29107  98.2270 346.0057 0002132  87.1619 272.9823 14.57104601573786
CALIPSO                 
1 29108U 06016B   17040.15674459  .00000080  00000-0  27908-4 0  9994
2 29108  98.2256 345.5523 0001297  81.4484 278.6861 14.57106139573717
HINODE (SOLAR-B)        
1 29479U 06041A   17040.09452157  .00000073  00000-0  22723-4 0  9997
2 29479  98.1647  45.5073 0015911 260.2327  99.7079 14.64788279554642
SJ-6C                   
1 29505U 06046A   17040.38345806  .00000184  00000-0  22544-4 0  9990
2 29505  97.8179  42.8629 0003419 129.5412 230.6084 14.94286259560785
SJ-6D                   
1 29506U 06046B   17040.39398192 -.00000347  00000-0 -27784-4 0  9992
2 29506  97.8347  42.0969 0001337 189.9471 170.1753 14.93229036560481
AGILE                   
1 31135U 07013A   17040.39434060  .00002333  00000-0  41674-4 0  9992
2 31135   2.4688  23.7773 0013080 172.5242 187.5007 15.29227132544114
AIM                     
1 31304U 07015A   17039.56571043  .00001081  00000-0  67462-4 0  9994
2 31304  97.9862 212.5720 0004638 206.4258 153.6765 15.11800925535504
FGRST (GLAST)           
1 33053U 08029A   17040.40702701  .00000507  00000-0  12471-4 0  9997
2 33053  25.5822 153.2641 0012120 244.0374 115.8912 15.10815746477971
IBEX                    
1 33401U 08051A   17037.00888130 -.00003176  00000-0  00000+0 0  9998
2 33401  21.1369  94.2499 6223006  22.0167   3.1934  0.10492071  3512
WISE                    
1 36119U 09071A   17040.15092349  .00000788  00000-0  31650-4 0  9994
2 36119  97.4633  67.8421 0004134  63.9185 296.2480 15.27946020396720
SDO                     
1 36395U 10005A   17039.48833882 -.00000102  00000-0  00000+0 0  9999
2 36395  28.6266 142.7410 0001594 157.8330 271.8366  1.00268017 25783
CRYOSAT 2               
1 36508U 10013A   17040.19654614 -.00000038  00000-0 -10276-4 0  9998
2 36508  92.0197 171.4196 0009730  65.7145 294.5078 14.52175053362580
GCOM-W1 (SHIZUKU)       
1 38337U 12025A   17039.81341463  .00000030  00000-0  16836-4 0  9995
2 38337  98.2253 341.8978 0001623  87.3820 293.6001 14.57097975251660
NUSTAR                  
1 38358U 12031A   17040.34531534  .00000998  00000-0  31362-4 0  9999
2 38358   6.0261 157.0503 0012499 254.4410 105.4339 14.87648213253379
RBSP A                  
1 38752U 12046A   17038.43936934 -.00000004  00000-0  20810-3 0  9997
2 38752   9.8493 253.2237 6822794  17.8062 357.6116  2.68124744 43392
RBSP B                  
1 38753U 12046B   17039.70045133  .00000046  00000-0  68967-3 0  9991
2 38753   9.8922 261.6476 6835594   1.7823 359.8755  2.65147720 43150
NEOSSAT                 
1 39089U 13009D   17040.16716900  .00000005  00000-0  17422-4 0  9999
2 39089  98.5637 244.8466 0010342 322.3034  37.7425 14.34372113207040
BRITE-AUSTRIA           
1 39091U 13009F   17039.81134947  .00000015  00000-0  20787-4 0  9996
2 39091  98.5603 245.7928 0010003 334.4623  25.6067 14.35013160207088
UNIBRITE                
1 39092U 13009G   17039.79945920 -.00000005  00000-0  13926-4 0  9992
2 39092  98.5611 245.4864 0008767 328.1471  31.9183 14.34886299207066
IRIS                    
1 39197U 13033A   17040.10482821  .00000141  00000-0  26425-4 0  9996
2 39197  97.9207 223.6236 0026885 227.8629 132.0297 14.78344138195185
HISAKI (SPRINT-A)       
1 39253U 13049A   17039.85757718  .00000024  00000-0 -51382-4 0  9997
2 39253  29.7198 296.5320 0136684  59.4748 301.9238 13.55168617168826
CASSIOPE                
1 39265U 13055A   17039.79069633  .00003321  00000-0  99376-4 0  9999
2 39265  80.9737 147.8074 0691915 264.2682  87.9271 14.21636325173258
DANDE                   
1 39267U 13055C   17039.86382244  .00001956  00000-0  59542-4 0  9998
2 39267  81.0153 157.1531 0716003 279.5182  72.5834 14.16145667172865
STSAT-3                 
1 39422U 13066G   17040.43566932  .00000371  00000-0  44646-4 0  9995
2 39422  97.6748 106.9137 0021966 299.5411  60.3603 14.89371764174915
BRITE-PL                
1 39431U 13066R   17039.89971491  .00000025  00000-0  15121-4 0  9995
2 39431  97.6931  29.1380 0203359 152.5438 208.6679 14.46802567169906
SWARM B                 
1 39451U 13067A   17039.85885172  .00000380  00000-0  15619-4 0  9990
2 39451  87.7515 286.2528 0002898 112.1663 247.9889 15.20879909178347
SWARM A                 
1 39452U 13067B   17039.86829991  .00001288  00000-0  29420-4 0  9992
2 39452  87.3482 217.1816 0003481  95.8105 264.3548 15.41748164180368
SWARM C                 
1 39453U 13067C   17039.86820622  .00001315  00000-0  30061-4 0  9999
2 39453  87.3482 218.5963 0003501  95.6666 264.4990 15.41747543180328
BRITE-TORONTO           
1 40020U 14033L   17040.22896863  .00000076  00000-0  21642-4 0  9995
2 40020  97.8555 276.6005 0088065  14.8703 345.5060 14.66350484141340
OCO 2                   
1 40059U 14035A   17039.80733031  .00000015  00000-0  13495-4 0  9998
2 40059  98.2261 343.0875 0001468  73.8130 286.3230 14.57101509138705
BRITE-PL 2              
1 40119U 14049B   17039.77623507  .00000111  00000-0  19882-4 0  9995
2 40119  97.9432 126.3313 0018449 144.9555 215.2876 14.84072484134112
RESURS P2               
1 40360U 14087A   17040.41780274  .00001853  00000-0  62109-4 0  9997
2 40360  97.2778 136.3367 0008788 221.2547 208.7448 15.32151337118822
MMS 1                   
1 40482U 15011A   17034.98958333 -.00000389  00000-0  00000-0 0  9990
2 40482  28.6404 313.6962 8154466 145.3877 103.6754  1.00475791  6975
MMS 2                   
1 40483U 15011B   17032.59164543 -.00000342  00000-0  00000+0 0  9996
2 40483  28.6552 313.8798 8147786 145.0027 316.4709  1.00481707  6945
MMS 3                   
1 40484U 15011C   17037.56392772 -.00000351  00000-0  00000+0 0  9996
2 40484  28.6505 313.3715 8150857 145.8312 314.9680  1.00475433  7004
MMS 4                   
1 40485U 15011D   17034.99333333 -.00000389  00000-0  00000-0 0  9991
2 40485  28.6517 313.7100 8145407 145.3691 105.0540  1.00475785  6957
ASTROSAT                
1 40930U 15052A   17039.14624609  .00000823  00000-0  26988-4 0  9991
2 40930   5.9962  74.8380 0007897 217.7004 142.2477 14.76083882 73858
DAMPE                   
1 41173U 15078A   17040.40017917  .00000176  00000-0  10247-4 0  9990
2 41173  97.2903  52.0511 0012250 245.7553 254.4185 15.23508728 64003
PISAT                   
1 41784U 16059B   17040.14753278  .00000105  00000-0  29768-4 0  9996
2 41784  98.1853 102.8131 0031759 199.7577 160.2397 14.63174501 19859
