ASTRA 1D                
1 23331U 94070A   17040.16407388 -.00000309  00000-0  00000+0 0  9993
2 23331   7.3674  50.2326 0003802 262.2761 198.6942  1.00272992 81929
ASTRA 1F                
1 23842U 96021A   17040.15535105  .00000115  00000-0  00000+0 0  9990
2 23842   0.0575 303.7224 0003972   8.0765 287.8440  1.00266252 76084
AMC-1 (GE-1)            
1 24315U 96054A   17039.21249778  .00000036  00000-0  00000+0 0  9997
2 24315   1.3009  85.7633 0003233 222.2178 137.8367  1.00271765 74776
AMC-2 (GE-2)            
1 24713U 97002A   17039.14585870 -.00000233  00000-0  00000+0 0  9991
2 24713   4.0978  66.6357 0005267 249.2604 150.1685  1.00273573 24074
AMC-3 (GE-3)            
1 24936U 97050A   17040.22687810 -.00000283  00000-0  00000+0 0  9994
2 24936   0.1124  91.5711 0003016 220.3785 197.1966  1.00270332 71202
NSS-5                   
1 24957U 97053A   17040.15845929  .00000084  00000-0  00000+0 0  9997
2 24957   3.5927  69.9614 0003939 252.7022 284.2810  1.00272878 70999
ASTRA 1G                
1 25071U 97076A   17040.15646571  .00000079  00000-0  00000+0 0  9996
2 25071   2.0631  78.8864 0000469 229.4051 302.2921  1.00121104 70299
NSS-806                 
1 25239U 98014A   17040.42470562 -.00000303  00000-0  00000+0 0  9991
2 25239   0.0630 331.6883 0005100 347.9324 285.4605  1.00271618 69418
ASTRA 2A                
1 25462U 98050A   17040.00336532  .00000000  00000-0  10000-3 0  9999
2 25462   0.0925 258.1972 0003535   3.9836 351.8018  1.00267913 67497
ASTRA 1H                
1 25785U 99033A   17040.16048552  .00000114  00000-0  00000+0 0  9999
2 25785   3.5768  70.1185 0003135 247.8911 282.6663  1.00274464 64544
AMC-4 (GE-4)            
1 25954U 99060A   17039.79981906 -.00000296  00000-0  00000+0 0  9995
2 25954   0.0114  40.6168 0001092 331.0578 348.2922  1.00269459 63248
ASTRA 2B                
1 26494U 00054A   17040.22739552  .00000094  00000-0  00000+0 0  9993
2 26494   1.9508  79.5165 0004628 248.3630 272.8383  1.00271677 59995
AMC-7 (GE-7)            
1 26495U 00054B   17039.98804489  .00000064  00000-0  00000+0 0  9994
2 26495   0.0239  65.8195 0002295 228.8029  65.3176  1.00273052 60010
NSS-11 (AAP-1)          
1 26554U 00059A   17039.78311914 -.00000368  00000-0  00000+0 0  9997
2 26554   0.0567 282.1329 0001554  50.0059 197.0178  1.00272829 59922
AMC-6 (GE-6)            
1 26580U 00067A   17040.21169645 -.00000297  00000-0  00000+0 0  9998
2 26580   0.0588 285.6629 0002864  23.9223 199.0808  1.00272597 59746
ASTRA 2D                
1 26638U 00081A   17039.65165124  .00000043  00000-0  00000+0 0  9990
2 26638   3.4008  70.6559 0002060 250.9667 109.1675  1.00268968 59145
AMC-8 (GE-8)            
1 26639U 00081B   17040.46631598  .00000080  00000-0  00000+0 0  9996
2 26639   0.0178  16.1179 0002566 312.7837 199.6913  1.00271496 59034
ASTRA 2C                
1 26853U 01025A   17040.16191198  .00000023  00000-0  00000+0 0  9994
2 26853   0.1298  89.6553 0003869 228.1506 300.1873  1.00270712 57332
ASTRA 3A                
1 27400U 02015B   17039.94449103 -.00000303  00000-0  00000+0 0  9991
2 27400   3.5689  69.4074 0000589 299.4460  60.7131  1.00420091 54477
NSS-7                   
1 27414U 02019A   17039.90206855 -.00000180  00000-0  00000+0 0  9994
2 27414   1.6289  83.7863 0002603 249.0761 111.0353  1.00270995 54311
NSS-6                   
1 27603U 02057A   17040.54345816  .00000000  00000-0  10000-3 0  9994
2 27603   0.0287  51.3179 0003295 225.9028 153.1679  1.00264973 51842
AMC-9 (GE-12)           
1 27820U 03024A   17040.05877661  .00000000  00000-0  10000-3 0  9994
2 27820   0.0056 348.6699 0002904 324.7211 124.0308  1.00265478 50097
AMC-10 (GE-10)          
1 28154U 04003A   17040.39749146  .00000064  00000-0  00000+0 0  9991
2 28154   0.0124 284.8946 0001078  73.8220 149.0482  1.00269067 47693
AMC-11 (GE-11)          
1 28252U 04017A   17039.37330469  .00000047  00000-0  00000+0 0  9996
2 28252   0.0301 337.5329 0003565 352.0871 172.3978  1.00269851 46450
AMC-15                  
1 28446U 04041A   17039.64202573 -.00000112  00000-0  00000+0 0  9996
2 28446   0.0488 288.8990 0002529  22.3201 313.7603  1.00269919 45131
AMC-16                  
1 28472U 04048A   17040.09631572 -.00000230  00000-0  00000+0 0  9999
2 28472   0.0494 288.8167 0002994  30.8096 129.3853  1.00270200 44575
NSS-10 (AMC-12)         
1 28526U 05003A   17040.12716307 -.00000275  00000-0  00000+0 0  9994
2 28526   0.0646 285.4458 0003035  40.9605 181.2906  1.00270842 44078
ASTRA 1KR               
1 29055U 06012A   17040.23887362  .00000095  00000-0  00000+0 0  9994
2 29055   0.0889 276.5711 0004677   7.7248 320.3638  1.00273143 39502
AMC-18                  
1 29644U 06054B   17039.64202446 -.00000112  00000-0  00000+0 0  9992
2 29644   0.0459 278.6976 0002871  37.4662 308.9056  1.00270840 37302
ASTRA 1L                
1 31306U 07016A   17039.82964678  .00000096  00000-0  00000+0 0  9991
2 31306   0.0819 297.1958 0005557  12.1891 147.5505  1.00272904 35794
ASTRA 4A (SIRIUS 4)     
1 32299U 07057A   17040.04076063  .00000008  00000-0  00000+0 0  9999
2 32299   0.0381 299.6244 0003344  14.9987 204.1466  1.00272309 33718
AMC-21                  
1 33275U 08038B   17040.44214313  .00000012  00000-0  00000+0 0  9995
2 33275   0.0574 286.7084 0003017  40.8831 206.3617  1.00270916 31227
ASTRA 1M                
1 33436U 08057A   17040.23887362  .00000095  00000-0  00000+0 0  9993
2 33436   0.0139  86.2465 0000882 216.3026 302.0987  1.00270021 30233
CIEL-2                  
1 33453U 08063A   17039.73926375  .00000034  00000-0  00000+0 0  9993
2 33453   0.0180  82.0894 0003370 242.2141 312.0042  1.00271152 29900
NSS-9                   
1 33749U 09008A   17040.20989315  .00000047  00000-0  00000+0 0  9992
2 33749   0.0191 311.9505 0002611  16.4823  69.6813  1.00270337 29329
SES-7 (PROTOSTAR 2)     
1 34941U 09027A   17040.53531446  .00000000  00000-0  10000-3 0  9996
2 34941   0.0238  67.8112 0003061 201.9122 170.9914  1.00264855 28381
NSS-12                  
1 36032U 09058A   17039.45599312  .00000048  00000-0  00000+0 0  9995
2 36032   0.0276 298.7502 0002754  27.2996  33.9326  1.00271795 26698
SES-1                   
1 36516U 10016A   17039.57826153 -.00000137  00000-0  00000+0 0  9997
2 36516   0.0400 292.2747 0002207  22.6005 291.1286  1.00271537 24883
ASTRA 3B                
1 36581U 10021A   17040.04613376  .00000113  00000-0  00000+0 0  9993
2 36581   0.0412  43.0034 0002769 276.8837 219.5047  1.00270703 24409
SES-3                   
1 37748U 11035A   17039.60473508 -.00000125  00000-0  00000+0 0  9990
2 37748   0.0610 282.9963 0002955  26.1712 304.4018  1.00271642 20440
ASTRA 1N                
1 37775U 11041A   17040.23887362  .00000095  00000-0  00000+0 0  9990
2 37775   0.0505   7.0611 0004371 352.3126 245.2862  1.00271340 20158
SES-2                   
1 37809U 11049A   17039.48659418 -.00000219  00000-0  00000+0 0  9999
2 37809   0.0623 282.1435 0002767  25.6686 279.1058  1.00271109 19766
QUETZSAT 1              
1 37826U 11054A   17040.31289218 -.00000266  00000-0  00000+0 0  9997
2 37826   0.0269 344.2359 0002925 340.7325 210.2302  1.00272127 19852
SES-4                   
1 38087U 12007A   17040.12159056 -.00000193  00000-0  00000+0 0  9990
2 38087   0.0208  11.1469 0002412 319.3354 190.6603  1.00271692 18245
SES-5                   
1 38652U 12036A   17040.04076063  .00000009  00000-0  00000+0 0  9992
2 38652   0.0476 261.9938 0002296  46.3481 210.6041  1.00271699 16822
ASTRA 2F                
1 38778U 12051A   17039.53598121  .00000126  00000-0  00000+0 0  9994
2 38778   0.0959 251.8612 0003420   8.9451  99.1198  1.00270447 16042
SES-6                   
1 39172U 13026A   17040.18640303 -.00000286  00000-0  00000+0 0  9997
2 39172   0.0198  26.4240 0002187 282.3534 217.2516  1.00270432 13484
O3B FM5                 
1 39188U 13031A   17038.37488573 -.00000026  00000-0  00000-0 0  9990
2 39188   0.0273  23.3141 0005761  10.9269 325.7898  5.00115779 66170
O3B FM4                 
1 39189U 13031B   17036.86759733 -.00000023  00000-0  00000-0 0  9999
2 39189   0.0522   3.9836 0006217 272.7533  83.1868  5.00115680 66131
O3B FM2                 
1 39190U 13031C   17036.84255711 -.00000023  00000-0  00000-0 0  9996
2 39190   0.0568   6.4743 0006819 266.7412  86.7011  5.00115593 66104
O3B PFM                 
1 39191U 13031D   17036.46620464 -.00000022  00000-0  00000-0 0  9995
2 39191   0.0338  12.9029 0004498 304.1717  42.8850  5.00115796 66081
ASTRA 2E                
1 39285U 13056A   17038.53787173  .00000130  00000-0  00000-0 0  9996
2 39285   0.0543  19.4619 0002386 298.4231  42.0642  1.00275194 12212
SES-8                   
1 39460U 13071A   17040.09458148  .00000000  00000-0  10000-3 0  9999
2 39460   0.0472 269.8964 0001542  68.1435 290.3463  1.00265738 11629
ASTRA 5B                
1 39617U 14011B   17039.98173295  .00000131  00000-0  00000+0 0  9991
2 39617   0.0550 302.0208 0002893  16.9234 205.2125  1.00273156 10621
O3B FM3                 
1 40079U 14038A   17039.37644686 -.00000029  00000-0  00000+0 0  9991
2 40079   0.0445   8.8661 0003147 357.1053 354.0255  5.00114762 47217
O3B FM7                 
1 40080U 14038B   17040.13071113 -.00000030  00000-0  00000+0 0  9990
2 40080   0.0458   6.3055 0002480 326.8273  26.8471  5.00116826 47272
O3B FM6                 
1 40081U 14038C   17038.35426932 -.00000026  00000-0  00000-0 0  9991
2 40081   0.0449   7.6958 0002555 334.6395  17.6494  5.00115074 47046
O3B FM8                 
1 40082U 14038D   17040.19813718 -.00000030  00000-0  00000+0 0  9993
2 40082   0.0476   5.1799 0003840 320.2392  34.5486  5.00115119 47251
O3B FM10                
1 40348U 14083A   17040.22036262 -.00000030  00000-0  00000+0 0  9993
2 40348   0.0391  12.8457 0001649 294.4061  52.7259  5.00115855 39212
O3B FM11                
1 40349U 14083B   17038.44311504 -.00000027  00000-0  00000-0 0  9997
2 40349   0.0366  12.4332 0002254 291.1950  56.3438  5.00115702 39127
O3B FM12                
1 40350U 14083C   17038.31013572 -.00000026  00000-0  00000-0 0  9998
2 40350   0.0373  11.3330 0002657 301.7481  46.8903  5.00115463 39122
O3B FM9                 
1 40351U 14083D   17038.28766766 -.00000026  00000-0  00000-0 0  9995
2 40351   0.0365  14.2389 0002009 297.7990  47.9387  5.00115612 39135
ASTRA 2G                
1 40364U 14089A   17039.53604631  .00000127  00000-0  00000+0 0  9996
2 40364   0.0610 300.6624 0003290  74.2574 345.0546  1.00274681  7777
SES-9                   
1 41380U 16013A   17040.20119745  .00000000  00000-0  10000-3 0  9992
2 41380   0.0366 291.6209 0002991 109.4677 279.0539  1.00264084  3516
