ISS (ZARYA)             
1 25544U 98067A   17040.29320265  .00004066  00000-0  68137-4 0  9996
2 25544  51.6462 315.8746 0007416 170.3593 333.9343 15.54331824 41869
TIANGONG 1              
1 37820U 11053A   17040.33486111  .00018883  00000-0  13899-3 0  9990
2 37820  42.7613 259.3293 0018743 255.6010  90.2455 15.72459851307798
SPINSAT                 
1 40314U 98067FL  17040.44048891  .00123038  18375-4  16358-3 0  9993
2 40314  51.6235 212.4729 0003941 274.0714  85.9848 16.06395750177824
AGGIESAT 4              
1 41313U 98067HP  17039.83300893  .00013387  00000-0  12400-3 0  9998
2 41313  51.6386 298.8077 0003303  32.9740 327.1462 15.67853803 58754
BEVO 2                  
1 41314U 98067HQ  17040.52671478  .00046624  00000-0  26094-3 0  9991
2 41314  51.6278 283.6171 0001850  67.8155 292.3570 15.78606632 58812
MINXSS                  
1 41474U 98067HU  17040.09876413  .00052984  00000-0  31820-3 0  9995
2 41474  51.6448 296.8802 0000419 204.9828 155.1152 15.77218118 42043
STMSAT-1                
1 41476U 98067HW  17040.51406372  .00074205  00000-0  40630-3 0  9996
2 41476  51.6357 293.5428 0001888 187.5966 172.5527 15.79090907 42036
NODES 2                 
1 41477U 98067HX  17039.86171473  .00025205  00000-0  21693-3 0  9998
2 41477  51.6364 303.4806 0000430 282.8867  77.2082 15.69143643 41847
NODES 1                 
1 41478U 98067HY  17040.32228939  .00020915  00000-0  18223-3 0  9990
2 41478  51.6363 301.3048 0000375 290.1360  69.9597 15.68969157 41912
FLOCK 2E'-1             
1 41479U 98067HZ  17040.30956287  .00014604  00000-0  15876-3 0  9992
2 41479  51.6408 305.5540 0003200 128.6047 323.1248 15.63720061 41814
FLOCK 2E'-3             
1 41480U 98067JA  17040.27574341  .00013780  00000-0  14888-3 0  9993
2 41480  51.6407 305.3575 0002412 154.1888 291.2290 15.63937090 41816
FLOCK 2E'-2             
1 41481U 98067JB  17040.34853797  .00013701  00000-0  14487-3 0  9995
2 41481  51.6418 304.2853 0003361 123.8008 339.5605 15.64493909 41810
FLOCK 2E'-4             
1 41482U 98067JC  17040.22480640  .00018956  00000-0  19284-3 0  9993
2 41482  51.6403 305.0155 0001872 147.3247 286.7470 15.65186150 41798
FLOCK 2E-1              
1 41483U 98067JD  17040.31232791  .00012454  00000-0  13717-3 0  9998
2 41483  51.6426 305.6043 0001456 197.0065 255.8457 15.63549287 41664
FLOCK 2E-2              
1 41484U 98067JE  17040.26922722  .00013990  00000-0  14798-3 0  9999
2 41484  51.6443 305.3426 0001066 178.3594 265.1998 15.64464186 41661
LEMUR-2-THERESACONDOR   
1 41485U 98067JF  17040.12907013  .00124326  00000-0  53308-3 0  9997
2 41485  51.6363 293.6102 0003761 140.3776  11.7214 15.84207325 41767
FLOCK 2E-3              
1 41486U 98067JG  17040.00809094  .00012810  00000-0  14488-3 0  9995
2 41486  51.6414 308.0639 0000365 338.8261 114.1805 15.62832074 41632
FLOCK 2E-4              
1 41487U 98067JH  17040.38612537  .00012823  00000-0  14043-3 0  9992
2 41487  51.6429 305.2827 0000960 332.2337 139.6244 15.63662974 41708
LEMUR-2-NICK-ALLAIN     
1 41488U 98067JJ  17040.21250377  .00105388  00000-0  49629-3 0  9992
2 41488  51.6374 294.2182 0003641 153.4278 352.2704 15.82286736 41764
LEMUR-2-KANE            
1 41489U 98067JK  17040.53189655  .00100250  00000-0  47763-3 0  9998
2 41489  51.6353 292.1610 0002653 176.9560 183.1986 15.82110524 41079
LEMUR-2-JEFF            
1 41490U 98067JL  17040.19313831  .00124373  00000-0  47407-3 0  9994
2 41490  51.6348 291.8018 0003450 165.6432 332.2142 15.86649515 41793
FLOCK 2E-6              
1 41563U 98067JM  17038.79902979  .00012723  00000-0  14429-3 0  9998
2 41563  51.6419 314.3311 0003266 102.0974 297.8322 15.62770285 39506
FLOCK 2E-5              
1 41564U 98067JN  17040.22311874  .00012510  00000-0  14262-3 0  9997
2 41564  51.6422 307.1499 0003098 124.6707  10.7135 15.62651396 39713
FLOCK 2E-7              
1 41565U 98067JP  17040.22519984  .00015934  00000-0  16843-3 0  9990
2 41565  51.6412 305.6422 0002857  22.2748 114.3037 15.64356662 39635
FLOCK 2E-8              
1 41566U 98067JQ  17040.43527336  .00031798  00000-0  23307-3 0  9993
2 41566  51.6387 299.4410 0000552  35.0112 135.9710 15.72861314 39722
FLOCK 2E'-5             
1 41567U 98067JR  17040.34136089  .00011720  00000-0  13724-3 0  9990
2 41567  51.6421 307.2664 0003588  44.5457  54.9658 15.62028003 39595
FLOCK 2E'-6             
1 41568U 98067JS  17040.19416649  .00014337  00000-0  15922-3 0  9996
2 41568  51.6403 306.8899 0003197  45.4926 115.2343 15.63187528 39612
FLOCK 2E'-8             
1 41569U 98067JT  17040.33042455  .00014214  00000-0  15039-3 0  9996
2 41569  51.6415 304.9336 0000540 137.1485 322.3663 15.64440244 39534
FLOCK 2E'-7             
1 41570U 98067JU  17040.38262797  .00018050  00000-0  17905-3 0  9992
2 41570  51.6427 303.7701 0000743 237.0391 234.8226 15.65863091 39579
FLOCK 2E-9              
1 41571U 98067JV  17040.18197884  .00016338  00000-0  16891-3 0  9995
2 41571  51.6419 305.3258 0002936  29.2869 128.8916 15.64898820 39499
FLOCK 2E-10             
1 41572U 98067JW  17040.18746028  .00014252  00000-0  15424-3 0  9990
2 41572  51.6407 306.1126 0003160  29.3485 129.8105 15.63859645 39486
FLOCK 2E-12             
1 41573U 98067JX  17040.16680742  .00015886  00000-0  16844-3 0  9990
2 41573  51.6402 306.0509 0003386  48.7154  70.6999 15.64280679 39484
FLOCK 2E-11             
1 41574U 98067JY  17040.37054029  .00015761  00000-0  16536-3 0  9997
2 41574  51.6422 304.4157 0003606  48.0136  59.9980 15.64555332 39522
FLOCK 2E'-9             
1 41575U 98067JZ  17040.29189995  .00017336  00000-0  17795-3 0  9998
2 41575  51.6396 304.6656 0004559  61.5225  27.7778 15.65025636 39502
FLOCK 2E'-10            
1 41576U 98067KA  17040.35305185  .00016922  00000-0  17834-3 0  9991
2 41576  51.6418 305.0840 0004279  61.0105  45.9216 15.64376545 39404
FLOCK 2E'-11            
1 41577U 98067KB  17040.17265159  .00015506  00000-0  16571-3 0  9992
2 41577  51.6436 306.0390 0003581  38.6988 114.3357 15.64100770 39198
FLOCK 2E'-12            
1 41578U 98067KC  17040.43779535  .00017460  00000-0  18176-3 0  9994
2 41578  51.6421 304.7424 0003760  21.4283 146.9204 15.64664299 39231
FLOCK 2E'-13            
1 41761U 98067KH  17040.19293457  .00009284  00000-0  12838-3 0  9999
2 41761  51.6446 313.7615 0008899 138.1389 342.1822 15.57882472 22937
FLOCK 2E'-14            
1 41762U 98067KJ  17040.25522557  .00009337  00000-0  12874-3 0  9992
2 41762  51.6456 313.3935 0008635 136.6878   1.5007 15.57956801 22944
FLOCK 2E'-16            
1 41763U 98067KK  17040.19258016  .00010290  00000-0  14011-3 0  9997
2 41763  51.6444 313.6913 0008018 145.3682   8.5199 15.58166477 22892
FLOCK 2E'-15            
1 41764U 98067KL  17040.20379154  .00008971  00000-0  12458-3 0  9993
2 41764  51.6447 313.7638 0008357 145.7979  11.6077 15.57823383 22895
TIANGONG-2              
1 41765U 16057A   17040.38502253  .00008311  00000-0  86473-4 0  9997
2 41765  42.7855  38.0613 0006304  47.9692  95.0019 15.64906531 22993
FLOCK 2E'-18            
1 41769U 98067KM  17040.19365124  .00008363  00000-0  11618-3 0  9990
2 41769  51.6443 313.6971 0006673 159.3988 353.5558 15.57929975 22891
FLOCK 2E'-17            
1 41776U 98067KN  17040.25174654  .00009049  00000-0  12496-3 0  9998
2 41776  51.6451 313.3719 0006811 159.3689 338.2141 15.57970831 22892
FLOCK 2E'-19            
1 41777U 98067KP  17040.13378766  .00012182  00000-0  15852-3 0  9997
2 41777  51.6430 313.3023 0006494 155.5374 353.9425 15.59186013 22841
FLOCK 2E'-20            
1 41782U 98067KQ  17040.26948296  .00010897  00000-0  14459-3 0  9991
2 41782  51.6436 312.8406 0006510 155.4911 293.9686 15.58798339 22736
SOYUZ-MS 02             
1 41820U 16063A   17038.30016905  .00004536  00000-0  75223-4 0  9995
2 41820  51.6451 325.8125 0007442 162.7346 342.0253 15.54314930 17261
BANXING-2               
1 41834U 16057H   17040.38714762  .00008938  00000-0  92596-4 0  9992
2 41834  42.7859  38.0611 0006131  52.9599  96.1999 15.64932206 17061
SOYUZ-MS 03             
1 41864U 16070A   17038.30016905  .00004536  00000-0  75223-4 0  9991
2 41864  51.6451 325.8125 0007442 162.7346 342.0253 15.54314930 12679
STARS-C                 
1 41895U 98067KR  17040.16992746  .00015762  00000-0  22968-3 0  9994
2 41895  51.6478 316.0996 0006219 181.2246 178.8721 15.55874426  8027
TANCREDO-1              
1 41931U 98067KT  17040.18154318  .00027519  00000-0  38769-3 0  9991
2 41931  51.6529 316.1755 0010260 151.2660 208.8864 15.56360501  3591
ITF-2                   
1 41932U 98067KU  17039.80452378  .00016049  00000-0  23776-3 0  9994
2 41932  51.6440 318.1615 0008572 151.9863 208.1632 15.55390152  3530
WASEDA-SAT3             
1 41933U 98067KV  17038.19825588  .00015666  00000-0  23254-3 0  9998
2 41933  51.6446 326.1788 0007720 144.1346 216.0147 15.55365472  3289
FREEDOM                 
1 41934U 98067KW  17040.19189554  .00008786  00000-0  13448-3 0  9997
2 41934  51.6469 316.2457 0009649 154.1852 205.9619 15.55179162  3687
AOBA-VELOX 3            
1 41935U 98067KX  17040.19109369  .00012394  00000-0  18576-3 0  9991
2 41935  51.6481 316.2432 0007602 151.3499 208.7911 15.55331351  3695
TUPOD                   
1 41936U 98067KY  17039.79806395  .00036332  00000-0  50951-3 0  9990
2 41936  51.6440 318.1194 0008973 145.2813 214.8560 15.56350850  3011
OSNSAT                  
1 41939U 98067KZ  17040.18411342  .00020339  00000-0  29246-3 0  9995
2 41939  51.6510 316.1953 0009598 150.0343 210.1190 15.56007251  2942
