TDRS 3                  
1 19548U 88091B   17040.13406753 -.00000316  00000-0  00000+0 0  9994
2 19548  14.8750   9.4782 0040040 308.5159 167.4263  1.00269118 91123
HST                     
1 20580U 90037B   17040.48683509  .00000478  00000-0  18512-4 0  9999
2 20580  28.4697 131.2760 0002513 238.1573 244.4573 15.08666242270988
TDRS 5                  
1 21639U 91054B   17039.70224642  .00000068  00000-0  00000+0 0  9990
2 21639  14.2906  22.7890 0025096 332.5625 228.7050  1.00272388 93457
TDRS 6                  
1 22314U 93003B   17040.43061400 -.00000311  00000-0  00000+0 0  9992
2 22314  13.8082  25.6854 0007916 290.2079 292.9823  1.00277217 88130
TDRS 7                  
1 23613U 95035B   17040.03421157 -.00000218  00000-0  00000+0 0  9993
2 23613  14.9275  16.4974 0022585  17.0724 202.9099  1.00274366 78903
ISS (ZARYA)             
1 25544U 98067A   17040.29320265  .00004066  00000-0  68137-4 0  9996
2 25544  51.6462 315.8746 0007416 170.3593 333.9343 15.54331824 41869
LANDSAT 7               
1 25682U 99020A   17040.26267490  .00004845  00000-0  10839-2 0  9995
2 25682  98.2253 113.1178 0001193  79.7348 280.4014 14.57148397947961
TERRA                   
1 25994U 99068A   17040.27343837 -.00000022  00000-0  50756-5 0  9993
2 25994  98.1960 117.0995 0001021  81.8089 278.3224 14.57114417912043
TDRS 8                  
1 26388U 00034A   17039.52511321 -.00000249  00000-0  00000+0 0  9999
2 26388   7.2763  56.9516 0008899 223.1476 136.8910  1.00267135 60925
EO-1                    
1 26619U 00075A   17040.34310602  .00000718  00000-0  14424-3 0  9991
2 26619  97.8526  75.5188 0010539 145.4986 214.6906 14.64367890864826
TIMED                   
1 26998U 01055B   17039.85732207  .00000124  00000-0  17612-4 0  9997
2 26998  74.0707 210.4695 0002168 269.0432  91.0500 14.87849215822399
TDRS 9                  
1 27389U 02011A   17040.23907047 -.00000124  00000-0  00000+0 0  9994
2 27389   4.9872  80.7359 0023085 237.1890 255.5948  1.00271466 56197
AQUA                    
1 27424U 02022A   17039.81739810  .00000069  00000-0  25438-4 0  9993
2 27424  98.2254 342.9783 0001667 110.0241 277.5253 14.57106998785580
TDRS 10                 
1 27566U 02055A   17039.26364458  .00000057  00000-0  00000+0 0  9997
2 27566   4.8113  58.9962 0012606 224.2957 135.7488  1.00275604 51973
SORCE                   
1 27651U 03004A   17039.83508548  .00000171  00000-0  32324-4 0  9996
2 27651  39.9963 316.9433 0021335  54.2760 306.0010 14.88579513761666
AURA                    
1 28376U 04026A   17039.81781374  .00000080  00000-0  27759-4 0  9999
2 28376  98.2264 345.1497 0001468  84.6414 275.4951 14.57101919668638
SWIFT                   
1 28485U 04047A   17040.11608238  .00000975  00000-0  37571-4 0  9991
2 28485  20.5571 309.9659 0011506  61.3451 298.8138 15.03566696668908
THEMIS A                
1 30580U 07004A   17041.70232668  .00000198  00000-0  22438+0 0  9990
2 30580   6.5598 235.8187 8419109  72.0766 359.9814  0.87724700 35962
THEMIS D                
1 30797U 07004D   17039.87506201 -.00001020  00000-0 -17549+0 0  9996
2 30797   3.1572 183.0204 8246241 133.9173 331.5655  1.00209505 36209
THEMIS E                
1 30798U 07004E   17040.88518137 -.00001206  00000-0 -26406+0 0  9999
2 30798   3.6727 217.5588 8247197 100.1902   1.2870  1.00243166 36337
AIM                     
1 31304U 07015A   17039.56571043  .00001081  00000-0  67462-4 0  9994
2 31304  97.9862 212.5720 0004638 206.4258 153.6765 15.11800925535504
FGRST (GLAST)           
1 33053U 08029A   17040.40702701  .00000507  00000-0  12471-4 0  9997
2 33053  25.5822 153.2641 0012120 244.0374 115.8912 15.10815746477971
WISE                    
1 36119U 09071A   17040.15092349  .00000788  00000-0  31650-4 0  9994
2 36119  97.4633  67.8421 0004134  63.9185 296.2480 15.27946020396720
TDRS 11                 
1 39070U 13004A   17040.00224174  .00000076  00000-0  00000+0 0  9991
2 39070   5.5575 328.7884 0011771 298.3323  61.7046  1.00269966 14744
TDRS 12                 
1 39504U 14004A   17039.66284259 -.00000286  00000-0  00000+0 0  9998
2 39504   6.1119 336.2503 0004491 336.2216  23.8961  1.00263861 11204
GPM-CORE                
1 39574U 14009C   17040.19040006  .00004694  00000-0  72522-4 0  9999
2 39574  65.0109 355.0819 0010450 279.8727  80.1239 15.55470137167616
MMS 1                   
1 40482U 15011A   17034.98958333 -.00000389  00000-0  00000-0 0  9990
2 40482  28.6404 313.6962 8154466 145.3877 103.6754  1.00475791  6975
MMS 2                   
1 40483U 15011B   17032.59164543 -.00000342  00000-0  00000+0 0  9996
2 40483  28.6552 313.8798 8147786 145.0027 316.4709  1.00481707  6945
MMS 3                   
1 40484U 15011C   17037.56392772 -.00000351  00000-0  00000+0 0  9996
2 40484  28.6505 313.3715 8150857 145.8312 314.9680  1.00475433  7004
MMS 4                   
1 40485U 15011D   17034.99333333 -.00000389  00000-0  00000-0 0  9991
2 40485  28.6517 313.7100 8145407 145.3691 105.0540  1.00475785  6957
