IRIDIUM 106             
1 41917U 17003A   17040.21633786  .00000011  00000-0 -24613-5 0  9995
2 41917  86.5240  75.4767 0003488 114.6803 245.4740 14.56992153  3735
IRIDIUM 103             
1 41918U 17003B   17040.50714279  .00000091  00000-0  15535-4 0  9994
2 41918  86.5208  75.3539 0002252  96.0386 264.1088 14.56657885  3781
IRIDIUM 109             
1 41919U 17003C   17040.35994653  .00000115  00000-0  20698-4 0  9997
2 41919  86.5247  75.4171 0002512 107.4484 252.6988 14.56993835  3759
IRIDIUM 102             
1 41920U 17003D   17040.50500411  .00000128  00000-0  23829-4 0  9994
2 41920  86.5210  75.3565 0000959  59.9079 300.2255 14.56675074  3783
IRIDIUM 105             
1 41921U 17003E   17040.54268155  .00000449  00000-0  50333-4 0  9991
2 41921  86.6661  75.3332 0012588 142.4111 217.8001 14.84249499  3829
IRIDIUM 104             
1 41922U 17003F   17040.39284851  .00000161  00000-0  30894-4 0  9997
2 41922  86.5261  75.3890 0002878 113.7472 246.4026 14.57105872  3771
IRIDIUM 114             
1 41923U 17003G   17040.32129137  .00000259  00000-0  53351-4 0  9997
2 41923  86.5218  75.4136 0001733  95.6200 264.5188 14.56493619  3772
IRIDIUM 108             
1 41924U 17003H   17040.20198495  .00000427  00000-0  47388-4 0  9998
2 41924  86.6613  75.4543 0013313 142.1386 218.0762 14.84459673  3769
IRIDIUM 112             
1 41925U 17003J   17037.66117196  .00000657  00000-0  10000-3 0  9999
2 41925  86.5891  76.5468 0023857 183.4405 277.3328 14.72122515  3382
IRIDIUM 111             
1 41926U 17003K   17037.66514693  .00000766  00000-0  10000-3 0  9994
2 41926  86.6352  76.5408 0015434 178.2679 307.4869 14.79000000  3383
TANCREDO-1              
1 41931U 98067KT  17040.18154318  .00027519  00000-0  38769-3 0  9991
2 41931  51.6529 316.1755 0010260 151.2660 208.8864 15.56360501  3591
ITF-2                   
1 41932U 98067KU  17039.80452378  .00016049  00000-0  23776-3 0  9994
2 41932  51.6440 318.1615 0008572 151.9863 208.1632 15.55390152  3530
WASEDA-SAT3             
1 41933U 98067KV  17038.19825588  .00015666  00000-0  23254-3 0  9998
2 41933  51.6446 326.1788 0007720 144.1346 216.0147 15.55365472  3289
FREEDOM                 
1 41934U 98067KW  17040.19189554  .00008786  00000-0  13448-3 0  9997
2 41934  51.6469 316.2457 0009649 154.1852 205.9619 15.55179162  3687
AOBA-VELOX 3            
1 41935U 98067KX  17040.19109369  .00012394  00000-0  18576-3 0  9991
2 41935  51.6481 316.2432 0007602 151.3499 208.7911 15.55331351  3695
TUPOD                   
1 41936U 98067KY  17039.79806395  .00036332  00000-0  50951-3 0  9990
2 41936  51.6440 318.1194 0008973 145.2813 214.8560 15.56350850  3011
OSNSAT                  
1 41939U 98067KZ  17040.18411342  .00020339  00000-0  29246-3 0  9995
2 41939  51.6510 316.1953 0009598 150.0343 210.1190 15.56007251  2942
HISPASAT 36W-1          
1 41942U 17006A   17032.02650628  .00005725  00000-0  16191-1 0  9994
2 41942   5.4175 341.8997 7226074 180.9384   7.3879  2.26911617    83
FREGAT R/B              
1 41943U 17006B   17036.95921078  .00039807 -58035-6  18266-2 0  9993
2 41943   5.4441 339.1714 7294459 185.3539 157.7027  2.30014677   204
