METEOSAT-7              
1 24932U 97049B   17039.56080216  .00000029  00000-0  00000+0 0  9997
2 24932  10.5028  38.4117 0001500 289.7319  70.3258  1.00269765 71174
NOAA 15                 
1 25338U 98030A   17040.49395425  .00000020  00000-0  27390-4 0  9991
2 25338  98.7848  51.1319 0010017 212.8059 147.2499 14.25776680974803
METEOSAT-8 (MSG-1)      
1 27509U 02040B   17040.15829396  .00000118  00000-0  00000+0 0  9993
2 27509   4.6197  58.8422 0000938 211.8517 327.1734  1.00264428 53008
KALPANA-1 (METSAT 1)    
1 27525U 02043A   17037.57240821 -.00000094  00000-0  00000+0 0  9990
2 27525   6.1323  56.1018 0015881 231.1265 128.8356  1.00272674 52775
INSAT-3A                
1 27714U 03013A   17040.49232626 -.00000281  00000-0  00000+0 0  9995
2 27714   0.8870  88.7251 0016925 227.0781 301.4447  0.99804497 50702
NOAA 18                 
1 28654U 05018A   17040.53546587  .00000024  00000-0  38564-4 0  9990
2 28654  99.1916  59.5715 0015180  71.3904 288.8914 14.12324406604246
METEOSAT-9 (MSG-2)      
1 28912U 05049B   17040.23182420  .00000038  00000-0  00000+0 0  9994
2 28912   1.9553  70.4767 0000244 145.3011  16.8226  1.00263001 40836
HIMAWARI-7 (MTSAT-2)    
1 28937U 06004A   17039.89538281 -.00000267  00000-0  00000+0 0  9998
2 28937   0.0514 269.3965 0003760  55.5444 281.5725  1.00271932 40104
FORMOSAT-3 FM6          
1 29047U 06011A   17039.69419864  .00000036  00000-0  30283-4 0  9996
2 29047  71.9790  89.3663 0049958  11.1375 349.0854 14.28560939566417
FORMOSAT-3 FM1          
1 29048U 06011B   17040.17553311 -.00000036  00000-0  22564-5 0  9993
2 29048  71.9689   0.6710 0045397 325.7270 126.8668 14.28497814568973
FORMOSAT-3 FM5          
1 29049U 06011C   17039.79802745  .00000045  00000-0  34308-4 0  9995
2 29049  72.0205 166.1734 0034940   3.8459 356.2939 14.28541242564699
FORMOSAT-3 FM3          
1 29050U 06011D   17039.62016883  .00000123  00000-0  36422-4 0  9995
2 29050  72.0153  77.3324 0049088  27.9530 332.4242 14.58447854577826
FORMOSAT-3 FM4          
1 29051U 06011E   17039.61131794  .00000044  00000-0  33436-4 0  9998
2 29051  72.0052  70.8559 0070598 243.5209 115.8675 14.28563460567250
FORMOSAT-3 FM2          
1 29052U 06011F   17039.76359630  .00000060  00000-0  39745-4 0  9993
2 29052  72.0351 141.1246 0041396 327.2825  32.5748 14.28652107565594
GOES 13                 
1 29155U 06018A   17039.82090528 -.00000275  00000-0  00000+0 0  9995
2 29155   0.3121 100.0061 0003166 304.2160 315.7675  1.00275844 39277
METOP-A                 
1 29499U 06044A   17039.89236111  .00000002  00000-0  21043-4 0  9994
2 29499  98.6970 101.5521 0001461 145.7002 210.3739 14.21496858534904
FENGYUN 2D              
1 29640U 06053A   17039.89152579 -.00000384  00000-0  10000-3 0  9991
2 29640   4.2153  65.0576 0004157 330.4014 188.3393  1.00273587 37311
FENGYUN 3A              
1 32958U 08026A   17040.36437626 -.00000013  00000-0  13608-4 0  9999
2 32958  98.4235  75.3376 0008731 295.3118  64.7157 14.19648816451209
FENGYUN 2E              
1 33463U 08066A   17038.68817152 -.00000220  00000-0  00000+0 0  9990
2 33463   1.9384  65.9636 0004678 221.4153 184.8661  1.00265389 29834
NOAA 19                 
1 33591U 09005A   17040.52244289  .00000079  00000-0  68191-4 0  9998
2 33591  99.0756   5.6523 0013007 271.9658  88.0024 14.12151520412639
GOES 14                 
1 35491U 09033A   17040.25740897  .00000000  00000-0  10000-3 0  9995
2 35491   0.0154 190.9624 0007034  54.0814 242.8926  1.00269525 27913
METEOR-M 1              
1 35865U 09049A   17040.19605392  .00000022  00000-0  28584-4 0  9991
2 35865  98.4336  67.5259 0003023 141.2673 218.8723 14.22096914383911
GOES 15                 
1 36411U 10008A   17039.98925602  .00000066  00000-0  00000+0 0  9996
2 36411   0.0677 255.3237 0000891 303.0323 161.6047  1.00270979 25441
COMS 1                  
1 36744U 10032A   17040.43839769  .00000000  00000-0  10000-3 0  9995
2 36744   0.0254  40.1304 0001820 309.8086  75.6900  1.00261890 24408
FENGYUN 3B              
1 37214U 10059A   17040.41267522  .00000016  00000-0  30738-4 0  9995
2 37214  98.8774 359.6428 0017389 140.0915 220.1542 14.15840588324466
ELEKTRO-L 1 (GOMS 2)    
1 37344U 11001A   17038.10397073 -.00000213  00000-0  00000+0 0  9999
2 37344   2.1743  78.3820 0004127 260.1931 171.2879  1.00240044 22200
SUOMI NPP               
1 37849U 11061A   17039.86916269  .00000001  00000-0  21175-4 0  9998
2 37849  98.7245 340.3984 0001535 114.9290 281.2280 14.19558826273889
FENGYUN 2F              
1 38049U 12002A   17040.51796611  .00000000  00000-0  10000-3 0  9991
2 38049   1.4566  77.9467 0000888 201.5661 158.7139  1.00263131 18654
METEOSAT-10 (MSG-3)     
1 38552U 12035B   17039.61354475 -.00000028  00000-0  00000+0 0  9999
2 38552   0.6855  44.3672 0001154 214.2263 101.3593  1.00263715 16976
METOP-B                 
1 38771U 12049A   17039.89321037 -.00000005  00000-0  17885-4 0  9994
2 38771  98.6973 102.0985 0000612 164.3717   1.7901 14.21489845228043
FENGYUN 3C              
1 39260U 13052A   17040.41131550 -.00000020  00000-0  11083-4 0  9993
2 39260  98.6638 112.9781 0001229  58.3149 301.8144 14.19639001175250
METEOR-M 2              
1 40069U 14037A   17040.26087901 -.00000038  00000-0  23357-5 0  9996
2 40069  98.6736  97.5314 0004876 217.5354 142.5484 14.20639084134396
HIMAWARI-8              
1 40267U 14060A   17040.49348139  .00000000  00000-0  10000-3 0  9997
2 40267   0.0130 106.3133 0001126 239.6573 112.0160  1.00263988  8610
FENGYUN 2G              
1 40367U 14090A   17038.96645575 -.00000351  00000-0  00000+0 0  9999
2 40367   0.6998 264.7713 0001632 292.4329  33.6897  1.00268147  7784
METEOSAT-11 (MSG-4)     
1 40732U 15034A   17039.31246372 -.00000052  00000-0  00000+0 0  9994
2 40732   2.0553 247.6153 0001747  57.3828 302.4235  1.00274877  5799
ELEKTRO-L 2             
1 41105U 15074A   17039.78876779 -.00000121  00000-0  00000+0 0  9991
2 41105   0.0707 111.0827 0000821 271.3859 116.5715  1.00272954  4272
HIMAWARI-9              
1 41836U 16064A   17040.45069856 -.00000202  00000-0  10000-3 0  9993
2 41836   0.0116  61.0474 0001342 300.0603  81.6334  1.00264483  1066
GOES 16                 
1 41866U 16071A   17039.86207345 -.00000206  00000-0  00000+0 0  9993
2 41866   0.0049 110.6478 0001788 241.1214   8.2279  1.00269240   862
FENGYUN 4A              
1 41882U 16077A   17040.02001613 -.00000325  00000-0  00000+0 0  9999
2 41882   0.2736 271.9693 0002787 201.6574 132.3457  1.00271725   739
CYGFM05                 
1 41884U 16078A   17038.24963651  .00002213  00000-0  12263-3 0  9997
2 41884  34.9562 110.7658 0016941 266.5974  93.2806 15.13378930  8145
CYGFM04                 
1 41885U 16078B   17040.14889765  .00000607  00000-0  34602-4 0  9990
2 41885  34.9517  98.7675 0015456 281.4973  78.4023 15.13726904  8431
CYGFM02                 
1 41886U 16078C   17040.22050918  .00000835  00000-0  47091-4 0  9999
2 41886  34.9611  98.4396 0016341 281.8687  78.0159 15.13598267  8440
CYGFM01                 
1 41887U 16078D   17038.58264890  .00002135  00000-0  11861-3 0  9992
2 41887  34.9531 108.7353 0017357 269.5524  90.3195 15.13290831  8196
CYGFM08                 
1 41888U 16078E   17038.31285190  .00000825  00000-0  46746-4 0  9995
2 41888  34.9524 110.3135 0016765 266.2809  93.5952 15.13443081  8146
CYGFM06                 
1 41889U 16078F   17040.27582705  .00001899  00000-0  10409-3 0  9994
2 41889  34.9591  97.9420 0014955 279.8577  80.0439 15.13889338  8442
CYGFM07                 
1 41890U 16078G   17040.27298379  .00001636  00000-0  89733-4 0  9993
2 41890  34.9525  97.8931 0014534 282.9474  76.9638 15.13950669  8442
CYGFM03                 
1 41891U 16078H   17038.62141604  .00000586  00000-0  33214-4 0  9994
2 41891  34.9583 108.1143 0014260 266.3400  93.5678 15.14020269  8207
