APRIZESAT 2             
1 28366U 04025A   17039.35139683  .00000015  00000-0  18679-4 0  9995
2 28366  98.3413 317.3202 0108960  75.8703 285.4563 14.36588054661096
SAUDICOMSAT 1           
1 28369U 04025D   17039.44117556  .00000053  00000-0  23723-4 0  9991
2 28369  98.1785 354.7080 0034796  61.8380 298.6324 14.52332205668102
SAUDICOMSAT 2           
1 28370U 04025E   17039.83235218  .00000046  00000-0  24400-4 0  9997
2 28370  98.2872 347.4328 0057849 180.6990 179.4131 14.47281225665891
APRIZESAT 1             
1 28372U 04025G   17040.44674538 -.00000005  00000-0  10187-4 0  9993
2 28372  98.2398 351.2180 0047458 120.5657 240.0232 14.49476513667069
NANOSAT-1               
1 28493U 04049B   17039.74113082  .00000066  00000-0  18306-4 0  9993
2 28493  98.2188 107.8368 0005571  60.7023 299.4741 14.73276632652014
SAUDICOMSAT 7           
1 31119U 07012C   17039.85426033  .00000054  00000-0  19837-4 0  9997
2 31119  97.9315   7.9370 0061532 105.8055 254.9943 14.61551788523213
SAUDICOMSAT 6           
1 31121U 07012E   17039.42750052  .00000034  00000-0  16970-4 0  9997
2 31121  97.9980 359.4422 0076991 168.0657 192.2390 14.58353495522031
SAUDICOMSAT 5           
1 31124U 07012H   17039.86498256  .00000064  00000-0  21020-4 0  9998
2 31124  97.8928  12.9120 0053151  75.5875 285.1219 14.63235951523785
SAUDICOMSAT 3           
1 31125U 07012J   17039.86826470  .00000103  00000-0  27644-4 0  9994
2 31125  97.8543  18.1857 0044488  46.5453 313.9438 14.64951417524368
SAUDICOMSAT 4           
1 31127U 07012L   17039.85759911  .00000045  00000-0  18527-4 0  9995
2 31127  97.9638   4.1459 0069154 134.4438 226.2449 14.60063889522680
APRIZESAT 4             
1 35684U 09041D   17039.44174087  .00000046  00000-0  13646-4 0  9999
2 35684  98.1172 340.4301 0047990 150.6166 330.6811 14.78989787406106
APRIZESAT 3             
1 35686U 09041F   17039.90387713  .00000126  00000-0  20223-4 0  9992
2 35686  98.2698  34.0958 0074599  70.7644 290.1623 14.87013866408125
AISSAT 1                
1 36797U 10035C   17040.22873654  .00000163  00000-0  25242-4 0  9999
2 36797  98.0290 152.8859 0012326  58.3427 301.8988 14.85765327356305
